97
43 1
1
87 4
0 1 0 1
19 5
1 1 0 1 0
30 6
0 0 0 0 1 1
19 7
1 1 0 0 0 0 0
13 8
1 1 1 0 1 0 0 0
94 9
1 1 0 0 1 1 1 1 1
71 10
0 0 0 0 1 1 1 0 0 0
7 11
1 0 0 1 0 1 1 0 1 0 0
22 12
1 1 1 1 0 0 0 1 0 0 0 1
76 13
1 1 1 1 1 0 1 1 1 0 0 0 1
88 14
1 0 0 0 1 1 1 0 0 1 1 1 0 0
22 15
0 1 0 1 1 1 0 0 0 0 0 0 1 1 0
59 16
0 1 0 0 0 0 1 0 0 1 1 1 1 0 0 1
41 17
1 0 0 1 1 1 0 1 0 1 0 1 0 0 0 0 0
59 18
0 1 1 1 0 1 1 0 0 1 1 0 1 0 1 1 0 0
43 19
1 0 1 1 0 0 1 0 1 1 0 0 0 1 0 0 0 0 0
62 20
1 0 0 0 1 0 0 0 0 0 1 0 0 1 0 0 1 1 1 0
40 21
1 0 0 1 1 1 0 1 1 1 0 1 1 1 0 1 1 0 1 0 0
67 22
1 1 0 0 0 1 1 0 1 1 0 1 0 0 0 0 1 0 0 0 1 1
33 23
0 1 1 0 0 1 0 1 0 1 1 1 1 0 0 0 1 0 0 1 1 0 1
10 24
0 0 0 0 0 1 1 0 0 1 0 1 1 1 1 1 0 1 1 0 1 1 1 0
25 25
0 0 1 1 1 1 1 1 0 0 1 0 1 0 1 0 0 0 0 1 1 1 1 0 0
86 26
1 0 1 0 0 1 1 0 0 1 1 0 0 1 0 1 0 1 1 1 1 0 0 1 0 1
92 27
0 0 1 0 1 1 0 1 0 0 1 0 1 0 0 0 1 1 1 0 1 0 0 0 1 0 1
96 28
0 1 0 1 1 0 1 1 0 0 1 1 0 0 1 0 0 1 0 1 1 0 0 1 0 1 1 1
81 29
1 0 1 1 1 1 0 1 1 1 0 1 1 1 1 0 0 1 1 0 1 0 0 0 0 1 1 0 0
9 30
0 1 0 1 1 0 0 0 0 0 0 0 0 1 1 1 0 1 0 0 1 0 1 1 0 0 1 1 0 1
39 31
1 1 0 0 0 1 0 1 1 1 1 0 0 1 1 1 0 1 1 1 0 0 1 1 1 0 0 1 0 1 0
75 32
1 1 0 1 0 1 0 0 0 0 1 1 0 0 0 0 1 0 0 0 1 1 0 0 0 1 1 0 1 1 0 0
94 33
1 1 1 0 0 1 0 0 0 1 0 1 0 0 0 0 0 1 1 0 1 1 0 0 0 0 0 1 0 1 0 0 0
27 34
0 1 1 0 0 1 1 1 1 0 0 1 0 0 1 1 0 1 0 1 1 0 0 0 1 1 1 1 1 0 0 1 1 0
62 35
1 1 0 0 0 0 0 1 0 0 1 0 0 1 1 1 1 0 0 0 0 1 1 1 1 0 0 1 0 1 1 0 0 1 1
11 36
1 0 1 1 1 0 0 0 1 1 0 1 0 1 0 0 1 0 1 1 0 1 0 0 0 1 0 0 1 0 1 0 0 1 0 1
87 37
1 0 0 1 0 1 1 1 0 0 1 0 1 0 0 1 0 1 0 1 0 0 0 0 0 0 0 0 1 0 0 0 1 1 1 0 1
23 38
0 1 1 0 1 1 0 1 0 1 1 1 1 1 0 0 1 0 1 0 1 1 1 1 0 0 1 1 0 1 1 1 0 0 0 1 0 0
40 39
0 0 1 0 1 0 1 1 1 0 1 1 0 1 0 0 0 0 1 1 1 0 0 0 1 1 0 0 1 0 0 1 0 1 0 1 0 1 0
39 40
1 1 0 1 0 0 1 1 0 1 0 1 1 0 0 1 0 1 1 0 1 0 0 0 0 0 1 1 0 0 0 1 0 0 1 1 1 0 0 0
71 41
0 1 0 1 0 1 1 0 1 1 0 1 1 0 0 1 0 1 0 0 0 0 0 0 0 0 1 0 1 1 1 1 0 0 1 0 0 1 1 0 1
93 42
0 0 1 1 1 1 1 0 0 0 1 0 0 0 1 0 1 0 0 1 0 0 0 1 0 1 0 1 1 1 0 0 0 1 1 0 0 1 0 0 0 0
19 43
1 0 1 0 0 0 0 0 0 1 1 1 1 1 0 0 0 1 1 0 0 1 1 0 1 1 0 0 0 0 1 0 1 1 1 0 0 1 1 1 0 0 1
43 44
0 0 0 1 1 0 1 1 1 0 0 0 0 0 1 1 1 1 1 1 0 1 1 1 1 1 0 1 0 0 1 0 0 1 0 0 0 0 1 0 1 0 0 0
23 45
0 0 0 1 1 0 0 0 1 1 1 0 0 1 1 0 1 1 0 1 1 0 1 1 0 1 1 1 1 1 0 1 1 1 0 1 1 1 1 1 0 1 1 0 0
60 46
0 1 0 0 0 1 0 0 1 0 1 0 1 0 0 1 0 0 1 0 1 0 1 1 0 0 0 0 0 1 0 1 0 1 0 1 0 1 1 1 0 1 0 0 1 0
97 48
1 0 1 0 0 1 1 1 0 0 0 0 0 1 0 0 1 1 1 1 0 0 1 1 0 0 0 1 0 0 0 0 0 0 0 1 0 1 0 1 1 0 1 0 0 0 0 0
86 49
1 1 1 0 0 0 1 0 0 1 1 1 1 0 1 0 0 0 0 0 0 0 0 0 1 0 1 1 1 0 0 0 1 0 0 1 1 0 1 0 0 0 0 1 0 0 1 1 1
24 50
1 0 0 1 1 1 1 1 0 1 0 1 0 0 1 1 0 0 0 0 1 1 0 1 1 1 0 0 1 1 0 1 0 1 1 1 0 0 0 1 1 0 0 1 0 0 1 1 1 0
80 51
0 0 0 0 0 0 0 1 1 1 0 1 1 1 0 1 0 0 1 1 0 1 1 1 1 1 1 1 1 1 0 1 0 1 0 1 1 1 1 1 0 1 0 0 1 1 0 0 1 1 0
83 52
0 0 1 0 1 0 0 0 0 0 0 0 1 1 1 1 0 0 0 1 0 1 1 0 0 0 1 0 1 1 0 1 0 1 0 1 0 0 0 1 0 0 1 1 0 0 0 0 0 0 0 1
34 53
0 1 1 0 0 0 1 0 0 0 0 1 0 1 0 1 0 1 0 1 1 0 1 1 1 1 1 0 1 1 1 0 0 1 0 0 1 0 0 1 1 0 1 1 1 0 0 1 0 1 0 1 0
50 54
1 0 0 0 1 0 1 1 1 1 0 0 1 1 1 0 1 0 0 1 1 0 0 0 0 1 1 1 0 0 1 1 1 0 1 0 1 1 1 1 1 0 1 1 0 0 1 0 0 0 1 1 0 1
59 55
0 1 1 1 0 0 0 0 1 0 0 0 0 0 0 0 1 0 0 0 1 1 0 0 1 0 0 0 1 0 0 1 1 0 1 0 1 1 0 0 0 1 1 0 1 1 0 0 0 1 1 1 0 1 1
19 56
0 0 0 0 0 0 0 0 0 0 0 1 0 1 0 1 0 0 1 1 0 1 0 1 0 1 0 0 1 0 0 0 0 1 0 0 0 0 0 0 0 0 0 1 1 1 0 1 0 0 1 1 0 0 0 0
37 57
0 0 0 0 0 0 0 0 1 0 1 0 1 0 0 1 1 0 1 0 0 1 1 1 0 0 1 0 1 1 0 0 1 1 1 0 1 0 0 1 0 1 0 1 1 0 1 0 0 0 0 0 1 0 1 0 1
76 58
0 1 0 1 0 1 1 1 1 0 0 1 0 1 1 1 1 0 0 1 1 1 0 0 1 0 1 0 1 0 0 0 0 0 1 1 1 0 1 0 0 0 1 0 0 1 0 1 1 0 0 0 1 1 0 1 1 1
41 59
0 0 0 0 0 0 0 0 0 1 0 0 1 0 1 1 1 1 1 1 1 0 0 0 0 1 0 0 1 0 0 0 0 1 0 1 0 0 0 0 0 1 1 1 1 1 1 0 0 0 0 0 0 0 1 0 1 0 0
36 60
0 0 1 0 0 0 1 1 0 0 0 0 1 1 0 0 1 0 1 0 0 1 0 1 0 0 1 1 1 0 0 0 1 1 0 0 1 0 1 1 1 1 1 0 1 1 1 1 1 1 1 1 0 0 0 1 0 0 1 1
63 61
1 0 0 1 1 0 1 1 1 1 0 1 1 0 0 0 1 1 1 0 0 1 1 0 1 0 1 1 1 1 0 1 0 0 0 1 0 1 0 0 0 0 0 0 0 0 1 0 0 1 0 1 0 1 0 1 1 0 1 1 1
26 62
0 0 0 1 0 0 1 0 1 0 0 0 1 1 0 0 0 0 1 0 0 1 0 1 0 0 1 0 0 0 1 1 1 0 1 1 1 0 1 0 0 0 0 0 0 0 0 0 0 0 1 1 1 0 0 0 1 1 1 1 0 0
85 63
0 0 1 1 0 1 0 1 1 1 0 1 1 1 0 1 0 0 1 1 0 0 1 1 1 1 1 0 1 0 0 1 0 0 1 0 0 1 1 0 1 0 0 1 1 0 0 1 0 1 0 1 0 0 1 0 1 1 0 1 1 0 0
38 64
1 1 0 0 1 0 0 1 1 0 1 0 0 1 1 0 0 0 0 0 0 1 1 0 1 1 0 1 0 1 1 0 1 0 1 1 1 1 0 1 1 1 1 1 0 1 0 1 1 1 0 1 0 1 1 0 0 0 0 0 1 1 0 1
54 65
1 1 1 0 1 0 1 0 0 1 0 1 1 0 0 0 0 0 1 0 0 0 1 1 0 1 0 0 0 1 0 1 1 1 0 1 0 0 1 1 0 1 1 0 0 0 1 1 0 1 1 1 1 0 1 1 1 0 1 1 1 0 0 1 1
21 66
0 0 0 1 0 1 0 0 0 0 1 0 0 0 1 1 1 1 0 0 0 1 1 1 0 0 0 0 1 0 1 1 1 1 1 0 0 0 1 1 1 1 1 0 1 0 0 1 1 0 1 1 1 0 0 0 0 1 0 1 0 0 1 1 1 0
49 67
1 0 1 0 0 1 0 1 0 1 1 1 0 1 1 1 1 0 1 1 1 0 0 0 1 0 1 0 1 0 1 1 1 0 0 1 1 0 1 0 0 0 0 0 1 0 1 0 0 0 0 1 0 1 1 0 1 1 0 0 1 1 0 1 1 0 0
72 68
1 0 0 0 0 0 1 1 0 0 0 1 0 0 0 1 0 0 0 0 1 1 0 0 1 0 1 0 0 1 0 0 0 0 1 1 1 0 1 1 0 1 1 0 1 0 0 1 1 0 0 1 0 1 0 1 1 1 0 1 0 0 1 1 0 0 1 0
35 69
1 0 1 1 0 0 1 1 1 0 0 1 0 0 0 1 1 0 1 1 0 0 1 1 0 1 0 1 1 0 0 0 0 0 1 1 1 0 1 1 0 1 1 1 1 1 0 0 0 0 0 1 0 1 0 1 0 0 1 0 0 1 1 1 1 1 0 1 0
15 70
1 0 1 0 0 0 0 0 1 1 0 0 0 1 0 0 1 0 1 0 0 0 1 0 1 0 0 0 1 0 1 0 0 0 0 1 1 0 0 1 0 1 1 0 1 1 1 1 0 1 1 0 1 1 0 0 1 0 1 0 1 0 1 0 1 0 1 0 0 1
35 71
1 1 1 0 1 1 0 1 1 0 0 0 0 0 0 1 0 1 0 0 1 1 1 0 1 0 1 1 1 0 0 0 0 0 1 1 0 0 0 1 1 0 0 0 0 1 0 0 1 1 1 0 1 0 0 1 0 1 1 0 0 1 1 1 0 0 0 1 0 0 0
65 72
0 0 0 0 0 0 1 0 0 1 1 0 1 1 1 1 1 0 1 0 1 1 1 1 1 0 0 0 0 0 1 1 0 1 1 1 1 1 1 1 1 0 0 1 0 0 1 0 0 0 0 0 1 0 1 1 1 0 0 0 1 0 0 0 1 1 0 0 1 0 1 1
11 73
1 1 0 0 1 0 1 1 0 0 1 0 1 0 0 1 0 0 0 0 1 1 1 1 1 1 0 1 0 0 1 0 1 0 1 0 0 0 0 0 0 1 0 0 0 1 1 1 0 1 0 0 0 0 1 0 1 1 0 1 0 1 1 1 0 0 0 1 1 0 0 0 1
51 74
1 1 1 1 1 0 0 1 1 1 1 1 1 1 1 0 0 0 0 1 1 0 1 0 1 0 1 1 1 0 0 0 0 0 1 0 1 1 0 0 0 0 0 1 1 0 1 0 0 1 0 1 0 0 0 0 0 1 1 0 0 1 0 0 0 0 0 1 1 0 1 1 1 1
40 75
1 1 1 1 0 1 0 0 1 1 0 0 0 0 1 0 0 0 0 0 0 0 0 0 0 0 1 0 0 0 0 0 0 0 1 1 0 0 1 0 0 1 1 0 1 0 0 0 0 1 0 1 1 0 0 1 1 0 0 1 1 1 1 1 0 1 0 0 1 0 0 0 1 0 0
50 76
0 0 0 1 1 0 1 1 0 0 1 0 1 1 0 0 1 1 0 0 0 0 0 1 1 0 1 1 0 1 0 1 0 0 1 0 1 0 0 0 0 1 0 0 0 0 0 1 0 0 0 1 1 0 0 0 1 1 1 1 1 1 1 1 0 0 0 1 0 0 0 0 0 1 1 1
74 77
1 1 0 1 1 0 1 1 1 1 0 1 1 1 1 0 0 0 1 0 0 0 0 0 0 1 0 1 0 0 1 1 0 0 0 0 0 1 1 0 0 0 0 1 1 1 0 0 0 0 1 0 1 1 1 1 1 0 1 0 0 1 1 0 1 1 0 1 0 0 1 0 1 1 0 0 1
27 78
1 0 0 0 0 0 1 0 1 0 0 0 1 0 0 0 0 1 1 1 0 1 0 1 0 1 0 0 0 0 0 0 0 0 0 0 1 1 1 0 0 0 1 1 1 0 1 1 0 0 1 1 1 0 0 1 1 0 0 1 1 1 0 0 1 0 1 1 1 0 1 1 1 0 0 0 1 0
34 79
1 1 1 1 1 0 1 1 1 1 0 1 1 1 1 0 1 0 1 1 1 0 0 1 0 0 1 1 0 1 1 1 0 0 1 1 1 1 0 0 0 0 1 0 1 1 1 0 1 1 1 1 0 1 0 0 1 0 0 1 0 1 0 1 0 1 1 0 0 1 1 0 0 1 1 0 1 0 0
95 80
1 0 1 1 0 0 1 0 0 0 0 0 1 1 0 1 1 0 0 0 1 0 0 1 0 0 0 0 0 0 0 1 1 0 1 0 1 0 1 1 0 1 0 0 0 0 1 1 0 0 0 0 1 1 0 0 1 0 0 0 0 0 1 1 1 1 1 0 0 1 0 0 1 1 1 1 1 0 0 1
12 81
0 0 1 1 1 0 0 1 0 0 1 1 0 1 1 1 0 0 1 1 1 1 1 0 0 0 1 0 1 1 0 1 1 0 1 1 1 0 1 0 0 0 1 0 0 1 1 1 0 0 1 1 0 0 1 0 1 0 1 1 1 0 0 0 1 1 1 0 1 1 0 0 1 0 0 1 0 1 0 1 0
2 82
0 0 0 0 1 0 0 1 0 1 0 0 1 1 0 1 0 0 0 1 1 0 0 1 0 1 1 0 1 1 0 1 0 0 0 1 0 0 1 1 1 1 0 0 1 0 0 0 0 1 1 1 1 1 0 1 0 0 1 0 0 0 0 1 1 1 0 0 1 1 0 0 0 1 0 0 0 0 1 1 1 1
67 83
0 0 1 1 1 0 1 0 0 1 0 0 0 1 0 0 1 0 0 0 0 1 1 0 1 0 1 0 0 0 1 1 1 0 0 1 0 1 1 1 1 1 0 1 0 1 0 0 0 0 0 0 1 1 0 0 1 0 0 0 1 1 0 0 1 0 1 0 0 0 0 1 1 0 1 1 0 0 0 1 0 1 0
81 84
0 0 0 1 0 0 1 1 1 0 0 1 1 0 1 0 1 0 1 0 1 1 1 1 0 0 0 1 1 1 1 1 1 0 1 1 0 1 1 1 1 0 1 0 1 0 0 0 1 1 0 0 0 0 0 1 1 0 1 0 1 1 0 0 1 1 0 0 1 1 0 0 0 0 0 0 1 1 0 1 1 1 0 1
58 85
0 1 0 0 0 1 1 0 0 1 0 1 0 1 1 0 1 1 0 1 1 0 0 1 0 1 1 0 0 0 1 1 1 0 0 1 0 0 1 1 1 1 0 1 1 0 0 0 1 0 0 1 1 1 1 0 1 0 0 1 0 1 1 1 1 1 0 1 1 1 0 1 0 1 0 0 0 1 0 1 1 0 0 0 1
49 86
1 0 1 1 0 0 1 1 0 1 0 0 0 0 0 1 0 0 0 0 0 1 1 1 1 1 0 1 0 1 0 0 1 0 1 0 0 0 1 0 1 1 1 0 1 1 1 0 0 1 1 0 1 0 1 1 1 0 0 0 0 0 1 1 0 0 0 0 1 0 1 0 1 1 0 0 0 0 1 1 0 1 1 1 0 1
69 87
0 1 1 1 0 1 0 0 1 1 0 0 0 1 0 0 1 1 0 0 0 0 1 0 0 1 0 1 1 1 1 0 1 1 0 1 1 0 0 1 0 1 1 1 1 0 0 1 1 1 1 1 1 1 0 0 0 1 1 0 0 1 1 0 1 1 0 0 1 1 0 0 0 0 1 1 1 1 1 1 1 0 0 1 1 0 1
93 88
0 1 1 0 0 0 0 0 0 1 0 0 1 0 0 1 0 1 1 1 0 1 0 0 1 0 0 0 1 0 0 0 0 1 1 1 1 0 1 0 0 1 1 0 0 0 0 0 1 0 0 1 0 0 1 0 1 0 1 1 1 0 1 1 1 0 1 1 1 1 1 0 0 1 1 1 1 1 1 0 0 1 1 1 1 1 1 0
84 89
0 1 1 1 0 0 1 1 0 0 0 1 1 1 1 0 1 0 1 1 1 1 0 0 1 0 0 1 1 1 0 0 0 1 1 0 1 1 0 0 1 0 1 0 0 1 1 1 1 0 0 0 0 1 1 0 1 0 0 1 0 0 0 1 0 1 0 1 1 0 1 1 0 0 1 0 0 0 0 0 0 0 0 1 1 1 1 0 1
57 90
1 0 0 0 1 1 1 1 1 0 1 1 0 0 0 0 0 1 1 1 0 0 1 1 0 1 0 0 0 0 1 0 0 1 0 1 0 1 0 1 0 1 0 0 0 1 0 0 1 1 0 0 0 0 1 1 1 0 1 1 1 1 0 1 0 0 1 0 0 0 0 0 0 0 1 1 0 1 0 1 1 0 1 1 1 1 0 0 1 1
98 91
1 0 0 0 0 1 0 0 0 0 0 0 0 0 0 1 1 0 0 0 0 1 0 0 0 0 1 1 0 0 0 1 1 0 1 0 0 1 1 1 1 1 1 1 1 0 1 0 1 0 0 1 0 0 0 0 1 0 1 0 1 0 1 0 1 1 0 1 0 1 1 1 1 0 1 0 0 1 0 1 1 1 1 0 1 1 1 1 1 1 1
16 92
0 0 1 0 1 1 0 0 1 0 0 0 1 0 0 0 1 0 0 1 1 1 1 1 1 0 1 0 1 0 0 1 1 1 1 0 1 0 0 0 0 1 0 1 1 0 1 1 0 1 1 1 0 0 0 1 0 0 0 1 0 1 0 0 0 0 0 0 0 1 1 0 1 0 1 1 1 0 0 0 1 0 1 0 1 0 0 1 1 0 1 0
30 93
1 1 1 0 0 1 1 0 1 1 1 1 0 0 0 0 0 1 0 1 0 1 0 0 0 1 0 0 1 1 1 1 1 1 1 0 1 1 0 0 1 1 1 0 1 0 0 0 1 0 1 0 1 1 0 1 0 1 0 1 0 1 0 0 1 0 1 0 1 0 1 1 0 1 0 1 1 1 1 0 0 1 1 1 1 0 0 0 1 1 1 0 0
81 94
1 1 0 0 1 1 1 0 1 0 1 0 0 0 0 0 1 0 1 1 0 0 1 1 0 1 0 0 1 1 0 0 1 0 0 0 1 1 1 1 0 0 0 1 0 0 1 1 1 0 1 1 0 0 1 0 1 1 1 0 1 0 0 0 1 0 0 1 0 0 0 1 1 1 1 1 1 1 1 0 1 0 0 0 1 1 1 0 0 0 0 1 0 0
60 95
0 1 1 1 0 1 1 1 1 1 1 0 0 0 0 1 1 0 0 1 1 0 1 0 0 1 1 0 1 1 1 0 1 0 0 0 0 1 1 1 0 0 0 1 0 1 1 0 1 0 0 0 0 0 0 1 0 1 1 0 1 1 0 0 1 1 0 1 0 1 1 1 0 0 1 0 0 1 0 1 0 1 0 1 0 0 0 0 1 0 0 1 0 0 0
39 96
1 1 0 0 1 1 0 0 0 0 0 1 0 0 0 1 1 0 0 1 0 0 1 0 1 0 0 1 1 1 1 0 1 0 1 1 1 0 0 0 0 1 0 0 0 1 0 0 1 1 0 1 0 0 0 1 1 1 1 1 0 0 1 1 1 0 0 0 1 0 0 1 1 1 0 0 0 1 1 1 1 1 0 0 0 0 1 1 0 0 1 0 1 1 0 1
79 97
1 1 1 0 0 1 1 1 0 1 1 0 1 1 1 0 0 0 0 1 0 1 0 0 0 0 1 1 0 1 1 1 1 0 0 1 0 1 1 0 0 0 1 0 1 1 0 1 0 1 0 0 0 0 1 0 0 1 1 0 1 0 0 1 1 0 0 0 0 0 0 1 0 0 0 1 0 0 0 1 0 1 0 1 0 1 1 1 1 1 1 1 1 1 0 0 1
35 98
1 1 1 1 1 0 1 1 1 0 1 1 0 1 1 1 1 0 1 0 1 0 1 0 1 0 0 1 0 1 0 1 0 1 1 1 1 1 0 0 1 0 0 0 1 0 0 1 0 0 0 0 1 0 1 1 1 1 1 1 0 1 0 1 1 0 0 1 1 0 1 0 0 0 1 1 1 0 1 1 1 1 1 0 0 1 0 0 0 1 0 1 1 1 0 0 0 1
59 99
0 0 1 1 1 1 0 1 1 0 0 1 1 1 1 0 1 1 0 0 1 1 0 1 0 0 0 1 0 0 0 1 1 0 0 1 1 0 0 1 0 1 0 1 1 0 0 0 1 1 1 1 1 0 1 0 1 0 1 1 0 1 0 1 1 1 0 1 0 1 0 1 0 0 1 0 0 1 0 1 0 1 1 1 1 1 0 1 1 1 0 1 0 0 0 1 0 0 1
40 100
1 0 1 1 0 0 1 1 0 1 1 1 1 1 1 1 0 0 1 1 1 0 1 0 1 0 0 0 1 0 1 0 1 0 0 1 1 1 1 1 0 1 1 0 0 0 1 1 0 1 0 0 1 0 1 0 0 0 0 0 0 0 1 1 0 1 0 0 1 1 1 1 1 0 1 0 1 1 1 1 0 0 0 0 1 0 0 1 1 0 0 1 0 0 1 0 1 1 0 1