10586
0
1946
12304
8766
0
237880
135128
386
0
151480
0
11304
44668
34902
39004
69370
166896
37000
57148
6146
784
3458
84688
162504
106048
173530
4184
34930
236628
574344
12824
23816
2044
371798
10836
33336
44504
98622
490672
2402
24316
12166
222976
858888
363944
9728
273672
795844
6536
70128
251154
293904
115722
65728
352954
13888
23066
177536
121086
37296
72280
6364
13826
405440
18486
26416
74774
0
14294
0
410552
218000
33752
84140
39240
827784
1720
5824
503594
142424
84520
67544
224686
99388
43352
89432
58808
28672
25272
82684
127000
44504
38402
42532
136458
42048