1
1
0
3
4
2
3
4
5
6
7
6
9
10
11
12
11
14
13
16
15
12
19
20
21
18
21
24
21
20
25
22
25
28
29
32
29
34
35
34
31
32
35
34
39
42
41
38
43
40
43
46
43
42
49
48
47
46
49
50
51
52
51
56
47
54
53
56
59
62
65
58
65
62
67
66
59
70
65
68
69
68
73
72
73
74
73
72
75
78
75
84
77
68
89
78
89
86
83
88
87
98
95
96
91
84
89
94
101
98
99
102
99
98
101
102
113
96
113
100
109
110
105
110
113
110
105
124
115
120
119
116
121
114
117
116
115
124
125
128
131
114
131
128
137
132
133
132
139
136
137
130
135
128
139
142
139
144
149
146
151
146
147
144
129
144
143
154
163
152
159
140
151
154
145
158
165
158
163
164
153
152
169
174
175
172
175
174
165
174
169
180
165
176
169
174
183
180
183
172
179
182
179
188
177
184
193
190
179
188
191
184
191
182
193
196
201
198
197
198
195
202
211
202
213
202
207
200
195
206
209
204
199
204
219
220
207
218
223
208
207
224
223
232
225
234
227
226
221
218
225
224
223
222
237
224
233
232
231
240
231
242
237
236
245
250
247
242
253
234
231
254
247
248
259
246
257
256
267
250
237
258
249
262
249
238
263
256
261
264
263
266
259
270
261
260
267
274
277
284
267
276
279
258
273
272
279
276
285
276
273
288
271
290
277
280
293
298
289
298
291
274
295
292
303
292
303
304
299
296
289
298
307
292
313
312
305
302
317
308
305
304
319
314
311
322
321
322
313
310
323
304
317
316
327
308
323
312
335
326
319
320
331
334
337
316
329
336
341
338
343
340
345
340
331
342
341
350
353
344
355
356
345
344
353
354
343
350
341
342
337
352
365
362
361
358
363
358
363
364
355
356
363
364
351
362
361
374
375
372
371
374
385
376
379
378
391
390
385
380
379
380
393
378
387
394
387
378
399
402
389
396
395
402
401
390
405
398
405
396
417
394
409
406
419
406
401
396
403
424
411
400
399
426
397
424
413
420
399
392
431
416
413
426
415
434
421
436
421
428
417
428
425
438
445
444
439
414
437
418
437
420
427
440
425
436
457
446
433
440
441
464
447
448
443
450
453
456
457
460
459
456
475
464
