3016 6469
570 1021
276 489
1223 845
2481 986
2975 149
2782 2192
1233 1276
2460 614
2088 441
193 867
14 843
2007 2730
1836 2664
620 1176
2948 1223
2305 897
2303 406
275 1564
535 1580
1285 2618
374 2808
876 2635
2093 2040
2986 905
247 99
2523 1578
1227 2744
707 2650
1485 2788
285 2239
2813 2160
629 2595
486 1697
48 582
1481 119
175 2642
160 190
2752 1685
2131 2216
100 410
1062 2848
1682 2032
2001 2456
203 2185
2447 2284
2332 2549
519 2269
527 1037
1574 744
794 520
347 1804
1070 217
2242 2703
161 2982
1322 842
573 2251
2367 2664
2863 917
1168 795
48 1728
290 1135
656 1066
2211 2381
1630 1717
1360 2162
2089 2529
727 2381
1050 375
950 1764
2999 2679
2522 904
250 1459
1313 1740
584 1322
2641 2986
2939 2190
2582 1206
1680 398
2648 2385
2218 1013
2554 711
901 17
2412 641
444 492
1154 2740
923 2487
2068 137
693 1882
892 1947
1935 2213
603 1220
291 523
299 2136
2559 2457
2366 1535
1467 860
1222 2280
1519 2480
2675 745
602 649
1009 2312
1148 230
2511 1965
565 305
816 2797
2731 1112
1526 1793
2312 2431
1354 2077
674 2732
725 2657
2234 2562
755 2555
2821 1119
987 787
598 597
2840 1782
2314 380
459 1332
1034 2823
2758 2802
2757 1731
1242 2673
651 1715
154 533
2779 1166
2782 2222
1494 2143
801 1362
1777 1564
476 697
583 2288
2337 104
965 1962
1528 2087
2253 2484
2997 1931
2075 708
1112 2205
2315 86
1483 2248
569 1400
1856 2727
2487 2588
1329 1597
1267 737
1118 1827
2678 2939
1986 2013
2790 1871
2142 2413
2636 480
1701 487
31 2541
702 2939
2528 2912
2038 455
2604 2256
331 1250
493 376
1434 1698
2001 974
1121 2087
2065 181
2614 85
1972 1131
86 14
2449 2747
1975 1414
1928 2829
631 2901
2762 2169
1962 2401
852 1584
911 1497
2417 2819
1436 2667
1629 505
806 799
858 846
634 1481
1951 1006
2351 619
484 2046
1513 928
2583 204
1776 203
834 354
759 190
2130 975
1341 2235
290 2653
662 1380
1564 1210
968 1646
2840 2208
1743 1521
2537 514
2907 1328
1045 1078
2938 594
1666 1627
286 1466
2653 486
2653 2709
188 2665
2248 743
1580 2190
2932 638
2955 1760
764 1861
1494 1218
2101 547
2613 781
2400 1626
914 447
635 2320
1590 2775
2617 1641
2788 282
1365 2227
652 1497
1251 600
561 481
2480 2208
2332 745
773 2996
2775 2351
2631 2804
1306 1220
1394 762
1953 667
1913 1317
1987 574
2160 1159
2197 1017
1507 671
902 1245
2508 2384
144 2374
2280 1984
1381 1398
1522 2594
1872 1728
2807 2924
2544 2285
593 2794
2680 914
2013 601
498 2512
1836 1853
1663 2923
1413 627
2296 1180
2178 1160
2777 2663
422 1288
2664 2182
2502 1823
1019 2076
2741 1804
759 1482
381 929
377 2501
2053 1589
521 638
1934 194
626 1825
1605 279
1396 1878
2965 2262
1226 380
850 55
2693 2977
1382 1524
1102 2115
1079 851
2112 2290
1503 591
636 1571
1787 2079
2050 31
1253 278
631 601
579 1417
561 716
445 2100
341 435
1322 389
1498 1263
1156 328
428 2421
2919 929
2929 493
942 557
1023 1988
2774 2401
2468 899
2474 841
101 797
29 1091
408 1461
763 1089
1649 2670
2408 1803
1945 2713
1223 1891
890 2819
972 2111
492 484
1826 2074
1196 2120
927 1179
392 2170
1059 2124
1908 1789
1013 2476
71 921
1782 1694
2991 2772
1323 712
889 110
2439 29
1642 2435
367 867
2049 1357
788 438
1826 768
732 2035
580 252
154 2702
612 767
2362 1404
2664 504
2806 2193
1965 2261
99 1444
1850 1374
1212 2302
2370 807
782 1007
262 274
1739 2849
2865 1611
2511 1547
2410 2402
1694 2343
693 133
252 2572
2778 2963
2211 60
1357 2306
793 671
420 393
2447 247
2413 2839
2835 1906
2189 626
2703 2700
513 1249
271 2754
2441 1475
2735 1655
104 238
2075 675
1878 681
390 2127
1518 105
188 1826
2136 2592
903 1447
2528 2801
1565 2045
2125 2942
968 2733
2451 2474
2917 1496
481 1968
734 959
1020 2874
1096 113
1466 826
733 16
856 2660
3004 308
2501 2786
812 1926
53 1671
2340 486
414 1389
926 902
254 2503
1952 1653
2491 2039
2554 2910
2401 2649
554 318
312 2918
11 1761
1652 27
1817 2997
3 359
1822 981
1914 544
2073 1023
1737 2287
2074 2695
1786 1375
2431 1218
2286 2450
1579 2180
1352 948
2849 2594
272 1878
1349 2193
897 1676
347 1949
1203 1392
526 1330
2058 2605
1995 2311
1053 2156
1867 2518
1048 66
1525 542
114 2912
2113 1129
16 1642
286 838
3000 169
1693 2896
1199 2041
2827 885
2003 1683
2091 863
986 1476
1650 1839
114 2956
1281 2165
254 2729
2031 2113
887 121
1020 1862
1705 1915
2095 2769
1994 2927
281 1542
1414 2793
352 956
901 1994
1325 684
2636 2167
1982 861
2520 2888
1845 2363
1438 474
2127 1268
2502 1430
2925 946
1563 1408
2430 2323
2492 1288
1451 1428
1703 2124
498 2034
2009 476
2221 2383
2846 2045
2392 547
759 2111
2757 1040
1831 1367
795 2093
230 1862
2547 877
2350 2623
2146 1381
545 381
2235 417
392 2387
514 71
1309 1762
1097 1898
1243 902
927 1776
2888 1841
1011 2445
1562 2943
1038 2254
991 593
2791 1791
1067 1306
2276 2502
1998 1797
2887 1813
299 1292
2327 28
667 1834
3011 2356
3008 203
1371 2325
450 2047
1703 2241
2453 1875
157 2175
2825 2111
2151 753
441 152
691 510
1877 1056
585 776
2864 873
2385 2999
626 1006
2466 1941
2199 59
1724 368
1877 1751
1311 2732
2850 537
834 6
917 2176
645 1514
1376 2162
2567 1317
1381 2374
2688 635
21 50
2512 1610
1002 709
2527 2446
1350 2982
2275 1395
1330 59
1837 2454
3009 795
1475 1565
794 1589
2904 2706
673 479
2120 324
2950 2336
1269 237
1348 1893
340 1637
2147 2496
2736 1157
1736 2828
1454 462
1208 2203
616 1656
1184 2384
355 2211
2960 1085
1464 1145
1891 286
1318 2969
2224 2556
974 1614
260 1836
638 614
1622 1957
1135 2580
1658 542
2519 1047
1191 2949
608 2337
1865 2761
2247 1176
2655 1177
2534 64
1614 1378
402 14
2388 1573
93 279
741 1166
2357 2959
2394 46
2675 1891
1853 402
878 1816
663 1547
1014 1521
1163 2404
1681 1148
752 615
425 1101
1306 1976
1779 2211
2097 2712
2697 102
3016 1203
2153 1631
967 2179
629 440
2794 1923
1849 1567
697 444
2088 2552
118 2259
632 1656
617 929
1585 1595
1767 1146
1673 2854
2031 2927
379 309
636 2868
1443 1911
1110 1850
1212 2789
488 1214
2682 2207
2523 272
256 422
1514 765
716 1635
1829 1198
2166 2831
1230 2679
549 2201
2814 1024
1953 2275
1713 2231
2954 1549
102 2381
248 1873
256 1348
1896 2597
591 2336
1446 2020
1784 2755
741 2957
89 78
456 2003
366 2775
2357 1243
2831 2853
1189 281
2135 1454
486 1547
1351 1427
2865 1396
2112 1654
364 451
1213 1538
2080 217
831 731
2692 3015
2718 618
1776 1125
1703 2058
2939 932
2729 1094
2782 2238
2279 761
887 616
2425 2076
959 2783
1546 2187
1732 280
203 1008
2704 934
1631 303
376 2039
549 2920
1309 2048
1282 2785
1486 2085
1924 1865
2861 265
1696 2846
862 1148
188 584
267 2256
1621 1844
522 2172
1483 553
349 1473
616 2158
369 1319
1901 635
96 737
1854 2259
1967 1836
2352 1904
848 2437
2122 2039
17 2752
737 1696
2108 793
482 1135
2701 1543
2396 1406
2351 2028
2539 1777
1143 215
2103 448
671 482
291 2632
2869 2675
510 2026
1529 759
2725 1547
82 2363
1815 1827
1562 2034
2191 2926
1653 1986
2246 2878
374 822
1431 1878
1411 1909
113 1032
2540 1113
1201 561
1487 1378
885 2472
2551 953
2170 754
2561 2733
2214 465
2405 2897
558 1088
363 2340
1426 1841
515 527
1516 1279
436 1635
1077 2780
1326 2569
1560 604
1296 1991
2661 1136
2107 1474
863 2677
756 662
127 42
1110 2240
2510 629
2022 37
1767 2687
2061 232
363 1187
2018 624
50 2163
1485 895
233 1931
1949 2780
1918 2868
1683 1378
102 1515
1221 1959
2864 2815
1364 758
144 246
78 1565
1525 976
2916 1224
2466 1275
1173 1076
1577 2677
2842 604
2611 485
2128 64
841 411
721 745
2431 2676
1715 1487
1603 2599
95 899
2618 2002
923 637
2532 725
409 983
2011 2421
638 2599
2728 251
2172 1233
2334 1819
896 2835
2357 1366
412 1952
88 2352
2430 2022
2943 2858
2191 3008
1126 1153
422 316
1340 1461
2595 2997
597 1475
1820 2146
2577 2540
699 2893
2323 1148
549 2918
10 1411
1356 2366
739 2095
1239 396
589 2472
2493 1851
931 1979
606 1554
1902 2128
2538 2947
1425 1860
2247 1108
2267 528
991 1241
1048 280
351 2072
1305 924
202 683
175 1834
2812 2978
1900 202
2784 470
2498 2353
2251 1047
697 1991
2070 727
2694 2233
1207 1925
3006 1415
3008 179
2167 591
599 1105
560 1064
2341 319
2860 136
303 1527
2684 903
1480 904
2001 2026
1149 2356
1926 1992
47 1547
436 2872
1061 582
1931 258
983 1773
456 1105
2236 1177
2321 712
1365 787
35 2569
800 2435
197 2527
1806 306
690 2950
701 1744
2563 485
2870 1903
1931 1979
1816 1373
1425 2167
347 1078
1833 1839
1718 560
443 2586
2258 2758
955 2086
125 46
2495 2523
2072 707
716 2845
1513 1323
1378 1806
1498 2857
891 641
520 916
456 352
37 1175
2572 1272
2630 1527
2231 2840
1173 1544
3012 902
288 1753
1331 2073
928 171
2992 1679
1371 2725
1170 2777
819 2803
2629 1459
1229 1131
1136 1397
195 518
832 1684
1290 357
2531 121
1485 1282
734 1329
1416 1946
2392 2507
2405 1842
2268 845
1347 487
1771 1080
2706 668
1728 367
832 2752
1514 676
2207 533
1261 1155
1268 1659
2073 781
2194 2058
762 847
1173 1651
822 2488
504 1520
794 1798
2599 2656
2702 2202
2901 868
2844 495
1360 1965
2525 2687
1632 1379
1084 518
740 1135
2936 2461
2532 778
1863 2816
2824 604
1118 2241
751 1238
2729 987
2065 936
1513 2175
1726 2044
57 2426
1189 1073
1673 277
126 1377
2891 260
2888 2227
1297 2328
1108 2105
1061 2213
1023 1627
678 2108
2404 1003
1298 1050
2728 2959
1679 2392
2333 827
152 1057
2519 2356
1022 1910
1490 1021
1156 21
1722 2342
1178 894
2321 392
1524 2741
596 1050
2000 243
623 135
2803 933
1053 654
749 1475
2216 2769
2664 1714
687 646
2877 2931
2379 2233
1663 722
1649 2480
717 2575
2611 2550
2588 1576
2295 2512
2140 1045
2294 1011
1134 2123
534 1604
1692 2650
1401 1278
105 2791
2668 2096
125 1019
2225 1052
1730 2529
213 1538
186 2516
18 1402
1654 79
2806 2078
104 1699
1219 1030
138 76
2949 993
2037 2796
1655 1371
4 1959
750 137
2798 1078
860 1303
2463 2028
2454 2010
1215 2156
31 1855
393 1649
747 1402
574 2411
109 1024
1152 2321
2873 2949
2479 2218
722 1414
2863 2539
1213 1921
336 84
2204 1544
253 2259
1661 1082
46 663
1489 2626
2174 1502
1109 326
1549 711
2988 2649
198 2809
2826 817
714 1275
2963 1778
1148 617
210 2609
2532 462
1578 1385
436 2676
1073 546
838 653
744 1165
2603 190
1460 1449
2405 2143
2024 225
486 788
657 420
191 919
368 1028
2874 1659
2172 959
1345 2858
1813 2681
2045 2305
1522 2744
1655 2431
68 2863
2538 2273
105 2867
1014 1657
2130 2873
887 1250
2069 1318
3013 374
987 1005
586 352
2355 2621
2983 2546
918 1657
1174 2041
1441 2222
1209 2796
550 872
514 1384
1659 973
2977 2671
2897 528
1522 1436
2038 1184
604 512
2908 2374
667 353
1287 795
942 2158
1779 2695
1673 2252
436 1267
789 1308
2341 1832
931 1570
2818 2494
1909 184
957 1110
1245 1345
2004 784
1780 870
2081 3006
205 2436
1577 2031
2263 1604
2182 1781
2326 2106
485 1791
1826 1823
417 1624
2206 1687
934 894
1410 1884
1982 2428
722 1449
72 1088
2462 263
1372 1806
1328 2299
2368 1995
1648 2486
14 2338
987 476
331 2499
856 2526
1090 863
2850 600
1583 2669
1721 2395
1669 257
200 2132
1641 2375
384 2483
2084 2996
1796 2909
156 190
1803 1939
2779 2655
2018 761
423 366
1503 2744
2129 2245
1783 900
534 660
1616 1518
913 2701
304 2691
1855 206
364 1499
177 922
602 1179
2445 2248
2760 283
2878 2578
842 585
1640 2816
672 37
2789 1707
1949 643
2954 1994
1393 932
170 624
2008 2748
2706 1067
634 1045
955 1215
481 2443
2732 337
1277 271
2422 1005
2587 1397
2910 721
2098 2677
446 71
1493 509
1803 1519
1268 2261
240 2130
1570 2433
611 1432
1424 491
1195 2619
1649 2863
2984 394
972 2606
251 775
2830 1435
817 585
1277 1753
252 699
997 1634
1898 2939
2079 289
1164 596
1797 578
752 588
1736 397
3008 1087
146 1006
1105 458
1132 2288
1917 1089
1633 1861
1201 137
2233 2815
1408 2966
80 1403
2798 1855
1604 2257
1621 981
1362 693
867 1640
105 185
2226 522
2069 1833
1120 2489
2454 2381
277 2329
598 2730
1007 2136
319 2890
1344 1281
1715 2487
2391 2618
2138 356
2195 1293
2879 2172
1476 58
1619 2465
706 1540
2201 174
875 3016
440 1981
1225 865
2413 419
194 1574
622 343
2055 2490
2535 1910
1837 1220
513 1258
687 389
1102 2910
1465 188
399 2644
2879 2389
2886 2959
628 1549
2404 1489
819 2744
116 1102
2818 1300
2870 1607
2506 2283
2549 2417
1856 373
2609 419
1927 1435
1214 932
164 2341
100 1010
2009 2750
1173 2467
1386 2898
1553 616
595 2471
2149 2901
904 41
215 171
2507 372
1788 23
2737 478
819 2736
1733 1345
1832 1556
788 78
2434 891
456 1189
2476 2019
2998 111
2160 275
2007 580
1391 1248
2226 1029
1834 642
1840 1259
173 2896
1295 885
1782 2512
1704 1815
2034 560
298 1581
577 832
2924 660
877 485
438 306
2303 1800
2665 681
1522 309
1618 208
1806 2165
1084 1994
94 2028
291 1892
362 379
1385 1627
1926 1447
1396 2660
1633 2712
2638 2547
2295 499
1340 2957
2368 505
432 829
1135 54
855 2883
1459 234
2900 1584
1409 2947
1819 1523
1768 618
2767 767
1619 705
2180 1258
307 2931
2517 304
2715 1892
2375 1903
2010 157
2244 1040
1708 898
1554 772
2202 755
825 2765
1805 886
2913 2784
1791 2187
1969 1058
1802 2055
2577 2184
1054 2442
2417 333
992 2009
1072 2616
1525 524
822 59
3011 2193
2818 1093
2961 215
2348 153
2674 1452
2580 2589
735 472
1738 1268
1945 2504
2275 197
2306 2844
731 1825
1757 240
29 176
1378 719
1429 2997
2996 1075
1695 878
1482 999
1484 1773
2321 453
2420 3009
192 2288
1079 942
26 2748
2067 1592
2096 2457
2321 1036
1029 2107
2008 544
136 285
113 638
2093 937
2937 749
804 1745
322 928
1305 1434
1266 1741
706 2692
1634 2118
2260 283
672 2036
2231 1617
2445 399
173 33
1312 47
2439 1150
626 678
576 1970
640 1452
1216 1095
1228 2738
2538 1162
1052 2495
1526 418
2674 2934
2976 2510
826 2670
2903 260
2639 2617
495 179
574 1501
799 954
417 1990
2532 1022
1925 2234
748 920
204 2411
2052 2125
732 593
587 780
695 2702
1156 1211
1201 1328
168 1459
1413 890
1250 103
760 291
1633 2017
1860 149
961 2254
607 2447
2986 2525
2473 1228
952 2299
1274 1658
2297 41
2393 2612
242 485
1854 2409
2059 1389
1273 2578
78 1135
1480 143
1444 2548
1901 339
1576 2248
2054 1676
857 2468
1036 2476
28 1732
2188 1586
1209 1858
2177 474
2353 1209
2248 1177
2438 1002
786 2514
27 746
301 1539
808 1242
2268 2032
1711 1534
1818 1463
250 799
131 1811
2571 289
924 1466
321 2885
2438 591
1994 832
623 1280
1011 1363
2072 1512
2586 1561
808 623
517 1516
1303 637
1072 2503
2548 1218
1771 1533
80 2658
2794 3001
625 705
1403 1932
2712 419
1259 2315
1683 455
1458 2014
2348 2342
2890 842
2319 665
2012 1184
2424 1089
2339 948
835 1421
1374 326
730 1495
1794 76
2283 111
838 2255
1751 831
2142 2321
437 581
1433 709
2427 2935
2956 643
988 208
1486 444
78 2116
935 918
1738 1307
2434 2900
1124 851
2003 1836
2699 2060
452 641
890 1539
1579 874
986 184
2450 2144
2350 319
1710 732
2165 2203
793 2710
499 1799
2473 2903
1280 491
2814 2856
1311 2077
759 945
1353 653
1902 1075
2464 247
279 430
1644 261
766 4
2577 979
142 2748
103 2993
1754 64
1001 965
887 455
1887 966
1208 92
2300 1146
89 2597
360 2529
325 1876
2470 2727
105 1914
695 54
78 831
1318 1401
570 1171
1787 667
672 601
72 2862
1859 670
1926 484
1543 1902
1305 1954
1313 48
2592 848
986 2045
2718 1434
2655 1925
1204 2066
2204 2217
468 539
2140 1154
391 304
1243 1009
2865 1443
1421 749
440 902
668 2128
2256 1126
717 2738
1537 1954
2507 1581
2127 512
1427 671
330 2065
335 2267
2780 2192
2339 2928
1085 2888
1971 16
1402 1659
2843 123
1226 2787
2333 1698
2040 2932
1111 1972
2060 2088
2258 2532
594 1594
508 960
2841 2763
1847 1916
828 1433
1200 261
2037 2323
937 1447
469 1382
2079 2584
1310 499
1708 66
529 134
302 1357
2176 1137
1726 1954
69 47
627 721
1665 1945
692 44
2054 1372
2313 1618
613 1777
2947 2637
818 2140
1736 2428
2619 598
1600 498
1668 1436
930 2629
189 1045
480 575
2114 1895
470 2713
962 450
2423 1683
2578 1451
1480 1157
1327 2187
1547 1066
399 246
2318 2215
913 1357
1385 305
2816 2036
1132 1060
1124 2132
1470 1068
184 1250
1775 2624
2341 334
1079 1602
326 526
2300 2920
42 2520
1897 1390
2286 2403
2625 2626
1944 1375
392 1135
517 2304
2699 987
3003 511
1338 2328
2520 2873
1357 1710
2529 190
748 2952
2748 1227
214 1955
2287 1992
1595 386
1758 1819
794 2084
353 2940
756 2644
1435 591
1463 2024
2300 1781
843 1675
752 2987
2088 1156
431 1521
1023 813
659 668
1101 2236
2820 1132
1203 973
1143 1311
1552 181
923 164
1253 857
2675 2569
192 3013
1495 1726
970 1990
962 544
2769 2113
2301 999
1135 1697
643 391
1960 1389
1819 1155
2128 1551
1882 2053
2523 718
1182 456
2259 453
2291 671
158 1114
1146 778
134 2416
285 2296
2839 133
965 1864
884 1644
2692 655
1074 1837
1331 2141
442 2128
1101 2655
2364 2390
258 551
2151 560
1397 279
2554 2917
2439 546
1334 1865
322 2396
1906 2936
742 1460
2422 2567
1127 1737
360 180
1093 1626
162 2689
354 2813
1889 2797
2032 1777
408 1546
825 1819
1323 1416
2365 845
685 1713
1527 2114
1842 187
1912 12
1413 2361
587 2431
84 3002
1111 571
1023 1057
729 2317
348 827
807 2454
2582 1012
117 2267
2169 922
604 2627
1720 1176
1582 1636
2544 2821
172 2143
274 915
472 903
2556 2680
1819 1582
681 2432
2472 2849
2357 2881
2943 1951
833 2141
979 1453
1981 388
612 2877
137 1967
1998 1778
2467 2886
240 3005
916 587
2039 1348
2299 917
1096 1853
1664 2686
153 200
2386 869
592 82
626 1669
434 963
1550 2084
2718 1113
2327 1949
2776 2450
1523 2862
1718 1031
1459 2771
1846 1627
1518 1361
2726 1672
349 1444
2555 2362
1845 1377
331 1970
2688 2893
1787 940
84 2276
1497 2073
946 298
2722 1454
640 598
318 1331
2328 2658
1663 2790
335 2965
1830 549
582 385
1966 1711
2805 181
2335 1660
323 795
1604 1192
663 347
541 2252
90 2415
126 2797
691 1029
166 419
609 2792
377 131
485 2287
591 94
1949 1509
1667 2344
2146 1255
1044 1106
1651 2465
2911 1552
799 873
1803 1683
2976 1355
1651 639
2410 2515
1280 1879
1768 2470
661 461
1784 1705
2697 506
2906 1808
2208 484
412 2745
762 2682
2073 822
2275 2418
2221 239
569 2764
387 742
2506 2509
1703 1105
1203 2973
589 2803
129 49
704 1403
2636 1777
691 2363
1071 907
2332 802
682 2638
2828 859
2064 1440
2592 1460
281 2217
2683 1752
1793 1310
2722 1285
751 2991
78 1783
1255 2761
382 179
401 1724
2258 709
1424 2253
2257 778
931 830
1620 2462
255 2602
2944 304
1187 2625
2320 2705
1578 1458
1257 937
941 796
197 1994
2919 699
329 1035
1855 738
1958 990
2257 179
979 1218
1149 2168
137 393
1159 1206
118 1459
2053 2933
1003 1602
2060 33
1046 1940
1268 2828
577 2621
2047 2026
2185 2922
2310 2019
1975 1990
2028 2652
1803 1449
2737 2406
1532 348
736 2350
2657 1918
2121 2275
2571 2602
2776 20
1160 735
756 2463
546 2990
593 75
2046 2320
222 1055
486 2782
1896 1736
1887 559
2205 2311
404 693
2226 2585
2257 696
2854 2837
2992 2001
2836 1746
320 272
2933 750
497 1903
492 1424
1321 2173
1896 351
2730 1645
2557 2264
2985 116
643 156
2225 2758
1606 2119
2286 2257
1268 107
3 2872
898 155
2884 2473
680 2944
892 1976
2536 1495
2545 138
1851 513
163 915
364 1706
672 1168
250 1715
419 1222
2586 81
1801 753
1587 251
1210 2637
33 2271
2662 697
2507 1933
477 2271
749 1771
1830 1878
2647 2423
1161 2056
923 1584
589 1652
1843 30
1979 1533
808 2501
408 97
1924 1183
2823 2450
2514 23
2693 1433
64 2446
1507 2198
2220 1921
1128 393
2228 1161
1301 2885
1076 2642
1303 1127
36 196
264 2027
832 1989
2213 904
2990 54
2393 2927
2643 57
1841 1047
439 2202
2847 892
1004 1363
2080 412
1715 2989
189 297
2407 646
1238 393
2559 2758
650 577
1840 617
1464 1366
2865 1016
1217 1698
1606 1911
2227 173
1030 273
2576 777
1501 2839
1237 1693
154 421
2251 652
1490 1174
738 1027
427 1202
2457 2990
2882 559
1311 1435
1638 2597
2693 2093
194 2833
2522 2330
2991 1827
2670 3014
527 648
2391 782
1300 488
1423 830
807 2241
1971 2484
1721 2074
2838 1554
2661 2273
2844 184
1484 830
151 1759
504 2837
2838 1583
753 2920
1713 1786
1435 2659
318 1247
894 1230
159 2984
853 79
954 1156
2071 1757
864 813
361 710
302 2547
411 1554
1791 408
54 2053
2111 1874
2164 2073
1865 1557
496 1162
2499 910
2025 2728
1181 2040
2620 1456
1622 2763
2535 2164
2439 960
183 1422
909 2734
1171 657
267 2121
998 1680
2270 1773
593 565
2271 1503
2446 692
429 2565
1830 1157
1984 145
341 173
1079 2674
88 1341
2931 666
30 786
922 1777
2492 923
1501 200
2655 2383
2074 231
2191 2884
2890 2185
2886 1633
2276 51
332 1413
864 1568
2702 2981
2621 183
2931 1946
1797 2659
1278 1000
275 2002
1191 1993
2132 2311
242 2632
643 2697
1838 159
2130 1353
2670 1641
2792 1072
2820 552
1606 1807
2649 2536
345 260
2199 1834
1531 1436
1527 2258
1970 203
11 570
1712 54
1605 1341
2049 834
2550 132
120 834
1904 2389
634 1956
924 215
1097 12
1357 2351
666 1729
587 2549
2448 1699
2210 368
1215 2667
1656 2854
2481 443
2082 1989
1813 2857
2655 13
1299 1921
1028 756
209 88
1662 1704
89 2362
403 248
2968 1796
386 1476
601 2122
2926 2272
960 803
2951 2901
2552 2968
1080 1112
773 849
618 346
1243 1527
2128 182
2197 947
385 1773
1694 158
706 453
2420 607
1681 1486
1687 1680
1219 2772
1527 825
1734 1648
972 2372
2768 591
1011 2543
1878 1105
2088 1589
350 1651
1470 1085
1814 598
1321 522
306 341
308 953
2362 979
1267 654
3009 435
1307 383
55 2142
1845 2071
2184 2025
1303 1405
923 508
2362 1058
1517 116
1045 2567
2619 121
640 1300
59 537
1922 1122
844 2515
196 2083
1104 437
2636 1460
1033 2887
2643 2394
362 2078
2807 194
2074 2938
1442 1447
621 1416
2465 2095
954 1424
1701 1447
1405 888
2142 1147
2799 1919
459 1070
433 1667
2099 2232
893 1324
215 1531
2685 1702
2285 1214
2930 2275
1519 242
30 591
314 1071
210 938
88 2544
2369 137
598 2378
1427 1294
886 2778
1483 851
510 2348
1842 1443
872 2164
2778 1826
816 337
1259 2071
2041 2037
793 2753
2416 2527
1963 351
1847 424
1542 2951
1508 977
2185 264
2055 1628
335 1575
96 1399
672 1286
822 1941
2719 168
2025 548
221 1935
1097 1735
1181 495
2164 2885
2574 2264
2076 1456
100 767
455 2096
2904 933
1717 2494
2843 2775
862 2673
2247 2492
1729 2420
126 939
1062 1846
1193 570
2885 2224
2410 800
1805 539
730 4
494 1519
2076 1587
1983 1933
1880 526
1177 191
1889 2977
3009 706
1487 2246
258 2531
174 2696
561 2311
1725 2800
1151 1993
568 156
811 2456
831 2723
1133 2686
1557 178
2636 2242
1977 1546
305 319
1272 1671
442 1003
2065 938
2944 1113
200 1296
2865 679
203 778
1839 2817
2512 1187
1166 2124
1661 277
946 275
903 1332
2183 678
404 1849
2375 190
2408 1352
2480 731
132 778
1435 526
1482 1868
70 711
35 799
59 656
1153 1550
1943 711
2341 458
212 1264
1354 2697
175 1489
1832 147
2194 2829
1282 3012
1707 1058
752 213
1852 2330
2750 659
2249 1038
2891 2734
2549 1958
1443 2324
69 202
1062 1803
1291 1084
830 2146
1644 692
197 2833
2203 1587
1077 2364
2244 336
1838 868
1513 774
155 1486
825 2364
1517 2650
1452 804
1767 1373
2168 1484
1712 2591
1223 1608
284 2470
1087 1446
2019 146
2704 784
1993 870
1418 446
1564 726
1956 2913
274 2259
1366 2793
1112 1728
1992 1440
835 1017
640 1765
203 1039
2425 1194
2027 2781
1766 1607
2731 318
51 2564
1638 1861
1821 427
1564 2442
68 323
1457 2244
2440 1758
2428 426
58 1876
561 2633
222 2990
808 1377
191 2364
2651 184
2483 2455
420 53
2019 1416
2037 1246
5 775
254 2355
530 397
1762 472
192 1442
1450 1791
1680 1168
2720 2492
1113 13
2966 1503
1148 1069
37 13
966 102
2462 1568
1473 2363
141 2202
2202 506
1416 358
709 518
1460 1975
925 2653
769 271
1876 2122
833 850
1609 2316
2549 2224
581 2942
928 2606
1709 2541
2297 333
2323 2165
2158 1746
2101 2285
2028 941
1700 2446
2576 1002
567 15
1881 75
1837 12
1787 579
2334 1539
1189 788
2723 2525
2796 2986
610 1963
270 2703
867 1375
1360 1925
605 670
2817 2119
226 2149
332 1696
2502 1025
58 2529
444 1029
1590 1624
1713 2936
1543 1292
1359 564
2353 954
2084 112
324 2011
1464 415
339 2795
2754 2119
1367 1052
1796 1299
1722 2649
939 394
2148 3011
384 629
706 2496
2681 2389
305 2455
824 1810
63 2885
531 589
1923 1810
1987 383
1104 877
1109 2952
1982 1340
212 217
33 205
580 1674
1160 2968
2721 1157
2367 939
2118 1073
1886 1253
2446 2768
2663 2539
2655 681
1108 2125
2666 2118
2870 2
2469 639
415 440
1121 2582
2162 2245
51 1689
189 2129
2759 476
462 2369
1705 1532
779 2470
2730 2628
1520 1132
1641 100
197 1475
527 965
2606 786
538 1542
2601 1319
1123 490
2547 1032
448 2288
1908 789
2314 1674
1926 1779
1032 1254
1810 770
3 2584
1770 8
56 1654
2992 285
1257 419
2558 429
1868 2052
2276 1553
2754 70
1078 1254
2361 2070
851 2276
1075 2495
1823 2920
1165 1112
1969 1322
137 907
2646 2488
660 2960
1340 1513
536 543
1280 955
331 1826
249 1374
2463 1145
50 2455
2816 2579
1340 494
9 1252
2953 2504
1295 1785
1786 2509
2884 830
619 1339
1566 1096
706 441
397 604
1331 2261
328 1710
2158 1615
1289 1971
1136 1724
724 863
1278 1155
1460 2927
2653 731
2783 2457
2781 1243
2485 1351
993 529
612 416
2040 2180
951 367
2495 1122
1418 1610
77 1363
648 2772
2086 739
1558 1115
793 2812
1341 1251
58 2626
579 705
1536 1557
1986 920
416 538
2792 208
256 331
2118 826
549 1706
802 437
2374 858
3004 2548
2326 2414
508 2782
886 1200
251 181
1336 1948
2253 959
2789 2186
1814 1208
2768 2487
2393 446
2737 2260
2402 812
468 902
1086 2223
975 828
1198 1980
271 1485
1872 2800
1051 831
766 2822
2704 1097
1492 1613
1803 2538
2638 1928
2482 1095
2984 1948
3012 1649
12 1237
2684 2149
456 2825
58 2242
2117 2963
1538 2470
865 618
1202 626
1150 2631
1864 2217
297 2059
875 429
2915 1686
1533 298
2236 1785
1647 529
1451 1341
2525 2311
1255 290
2310 2531
1745 417
2749 1283
1199 2202
203 215
267 2247
626 2957
642 423
1715 1052
1070 2044
425 1921
2221 1269
1812 1789
1767 1829
320 444
395 1786
1931 2863
267 527
1090 2363
2595 2506
2500 2200
2150 1575
765 2260
2209 1987
693 2357
2966 489
399 2178
1123 1033
666 2251
216 132
251 1132
1701 2929
1129 1711
33 1011
1568 2222
2660 2689
839 989
1926 2653
458 2166
1421 2750
1072 2578
1276 1462
190 2295
750 1692
1546 2725
2287 1922
777 1976
483 1680
305 1265
213 2023
2975 653
1754 448
2195 2892
1739 635
2000 2643
543 1664
53 2195
54 2649
2966 1672
2063 974
2651 2970
2507 1039
119 2167
503 1190
402 1839
1438 1563
2016 471
805 381
1096 1287
2038 248
1358 1804
2501 1545
946 166
2006 1820
95 123
2701 2223
2740 1114
1340 2812
1190 1521
233 1483
2484 2128
437 653
1418 780
1406 2266
255 1717
117 1100
495 848
2625 2250
2217 1541
1067 2238
1601 1522
2632 807
2888 606
1426 976
303 247
375 2151
1080 493
2816 1871
1741 836
2612 2582
1311 2918
450 8
2032 167
138 1114
1865 1711
461 2328
1869 1108
1368 2935
420 413
750 443
2105 656
11 1475
1157 1380
1761 2312
73 192
2023 1842
2248 547
789 1307
2363 2561
2825 1241
2978 156
2885 2464
2154 2753
886 94
2690 1039
2911 2006
1917 172
2852 454
1971 2031
423 2936
1367 2471
1951 1596
1442 1962
2076 2565
2167 2895
788 1016
2317 2533
1378 2456
1680 1041
1137 1956
305 2692
253 1503
2801 2027
1306 1568
2810 429
1147 2264
214 145
2853 1398
1765 1933
2801 942
1132 2384
317 1421
2097 441
1580 2039
2344 2109
2497 2218
2977 1077
2600 1632
2647 781
1142 1705
2506 2895
1540 2854
2086 1582
2519 439
802 1235
2667 1902
1130 2116
1131 2354
2342 1024
499 301
633 2476
343 103
2458 2769
833 2728
1950 2195
2854 1506
2988 1836
265 420
1327 839
1319 2328
312 437
2778 2086
2930 2195
919 1463
1076 2890
1095 2715
931 1014
1393 1787
1077 1080
2783 2448
158 2372
1364 345
87 2203
1493 2954
2018 2842
1325 215
752 2106
871 341
2379 526
2783 442
764 1168
105 2912
2374 1380
1785 886
2617 1370
2722 2215
416 2832
1312 2640
1179 2303
1493 398
2398 921
1727 2486
1928 1370
1672 2620
1797 876
853 837
693 440
1936 596
2546 2500
1927 1816
2142 2352
778 685
2827 2584
2832 1119
2337 2501
2099 562
1099 284
15 180
2090 1533
1775 1097
145 693
1144 1175
2119 1428
581 999
464 16
1057 2098
2684 849
2160 1818
1039 1795
694 764
439 223
270 317
2585 1617
284 1146
693 2315
1331 550
1741 905
113 224
2898 2924
1590 2154
1207 2807
2169 2571
2980 205
1755 2678
372 2761
113 745
1047 524
430 1935
1553 58
3015 767
113 1269
2557 690
195 2953
1942 2560
711 2158
2301 2676
2535 1442
1230 2156
1085 2532
2875 618
1467 330
1393 2261
1472 2764
2443 1233
2402 1126
1630 2810
2007 50
2556 2965
2866 2492
1953 816
1045 1892
1257 789
2873 1183
2304 563
375 1319
1680 1605
1082 1910
431 2601
467 1431
1654 2233
2836 934
2075 686
3013 738
2680 1120
139 762
74 1359
2076 869
1226 2317
2580 1472
1327 1354
106 1509
883 143
731 78
2226 451
975 1742
462 2745
2591 808
1309 264
2022 1414
2073 2890
2588 1883
1775 853
1460 161
809 1917
32 2957
2332 2592
1383 286
786 2992
2334 697
778 997
1220 2168
739 1673
172 2702
1164 170
2239 2684
927 1971
2903 1720
2282 755
222 1465
2389 844
2085 2388
2318 2885
2693 394
2248 1985
2921 2415
1815 542
1146 2277
1645 615
2730 2415
1401 1706
2257 1318
731 459
1244 1656
337 1631
296 468
30 834
1579 671
237 1562
2988 586
2586 3001
110 2737
809 1374
2233 677
1541 1133
2817 43
1803 2451
149 2380
308 2923
1713 2683
143 2755
2212 1738
2468 2855
1379 1877
1474 429
1036 1804
1362 1104
1148 2990
1969 1758
2818 2169
1602 2778
2033 691
58 322
594 1628
802 1385
1296 1913
713 1839
114 1611
399 2372
2380 2014
891 1224
174 1971
158 519
1036 118
1070 2573
92 2712
1036 454
203 966
798 2625
2664 2480
1006 1775
2888 947
1273 2905
2392 1328
648 2640
958 1642
522 1507
1145 1828
1416 260
436 2097
1480 1971
815 2082
2940 2537
670 652
344 271
2296 591
423 1013
2481 1472
2373 523
96 1895
2742 1859
986 442
2535 2868
2037 2641
1088 2065
1702 2895
2272 696
1484 151
1944 1436
498 2973
1783 2532
2905 393
532 2145
1147 2480
592 1164
1457 2450
2274 2197
2983 389
1928 2077
99 2224
788 733
2609 2065
2741 45
2481 296
34 310
2263 706
1883 2672
3011 2391
2224 549
1071 1611
1535 36
836 2065
698 863
893 91
1415 2125
2825 1323
662 2641
2477 1902
2703 1897
1408 420
1545 2359
1942 1457
1916 1572
2278 2503
2632 3016
1404 1106
2028 1451
1951 842
2320 824
1228 2813
1035 2172
2409 10
2309 235
75 270
2790 1852
2769 1587
1006 2952
686 749
2323 1871
291 411
2782 1450
2162 1556
278 2730
2764 2551
2475 624
3012 2593
2996 2403
554 211
2370 605
410 2802
1938 1862
2450 2302
1623 736
2879 2547
1654 689
648 210
2537 652
1730 17
2365 272
194 951
1899 1415
1878 193
1626 1185
493 1992
1851 1679
2618 841
540 1096
1933 2227
2462 895
169 1284
191 58
2615 2309
2657 2661
1146 2521
2265 1373
2130 2874
1057 1574
489 92
1406 462
2224 1936
1106 479
2499 1699
2355 2192
265 1644
619 277
2109 1689
1670 691
496 867
87 1429
1484 1581
2779 42
1370 2721
564 2060
1237 2403
1263 586
1725 148
838 1543
558 2944
1863 137
1726 2608
1228 978
610 1689
1665 331
1273 2948
2145 1300
2591 2356
2058 1141
1788 1475
1068 2481
163 1837
133 1429
2387 386
2256 2550
177 2432
2513 1080
268 1704
2211 1175
32 1853
2434 1258
1236 2752
2809 267
1996 2694
102 2736
3007 2488
2217 117
362 1866
2281 2856
1067 2948
150 1500
1134 2628
2656 2446
2900 2626
1447 2627
367 1779
88 2240
280 287
559 1937
2865 1243
807 2619
499 488
1203 777
162 650
1193 2394
1299 1345
2554 977
2925 2939
652 1204
1365 1376
1256 2638
664 589
20 158
2653 2378
2873 2766
2320 1724
3014 1396
1497 2971
483 1148
2907 1493
2623 291
2573 2938
2691 478
1228 294
869 2401
2063 1457
2542 441
1810 1234
228 1451
404 488
1761 1818
209 504
1162 1589
1408 338
1696 998
413 2268
1922 2332
953 1765
1386 2746
1757 1683
412 2702
187 550
570 1003
1365 1058
706 247
2940 433
1854 2029
802 1887
1563 949
2024 124
843 735
1385 2694
1451 2300
1965 1972
2837 1173
2039 220
2631 753
2759 838
1619 2412
2625 1446
2941 2354
1069 2094
2088 2672
205 2777
1089 564
689 2314
2402 224
1510 2619
1017 867
2067 1030
1662 2343
2834 2384
1368 2524
61 2728
2929 1660
1431 2821
2605 501
2047 421
207 2018
449 447
1069 2786
108 1410
1679 2112
1052 667
2204 1
1865 2468
2484 2009
1831 623
127 774
2029 607
2228 235
982 239
1411 1455
1634 104
804 852
46 2648
1094 240
2656 1902
505 2519
284 2199
2628 863
858 1636
552 1938
621 42
650 2000
2949 608
133 2994
2070 924
350 2232
2415 1783
494 2588
1356 1132
2060 317
501 1373
1256 701
1381 1382
769 1211
611 1008
2832 522
1316 1855
2851 1104
1655 2805
2459 1840
2407 2869
158 2264
1837 1456
1141 388
308 2451
2871 2977
1395 1479
1133 1115
807 2256
676 2615
2158 111
2342 514
1500 2240
2793 1600
1018 1797
2070 997
178 937
867 1104
2812 1845
2234 2403
765 2718
1456 389
2427 2261
1455 488
730 110
12 803
1602 1873
1569 2360
750 477
1604 695
1758 2568
494 290
2374 1728
110 2567
1517 157
652 1289
975 2084
310 1863
580 1502
630 2172
1686 1286
1305 1581
951 1815
609 1710
1 2212
2309 677
2675 94
460 2334
2907 1058
2798 749
455 2504
2867 1831
2706 2829
1769 1121
1982 2762
2242 2719
2468 954
1387 1503
397 624
911 2435
2541 1071
378 1299
1826 1080
2535 1073
433 1440
2587 1475
322 542
1679 444
911 1929
2673 1291
2897 2321
1011 354
571 2362
1219 2408
2965 916
2498 2224
1922 165
2589 56
2282 757
1175 2899
1641 888
1733 1431
1038 1608
168 40
77 1953
303 2027
2622 2523
986 2364
571 1900
424 152
966 1051
34 1699
2777 2790
718 516
2595 1365
2981 340
266 356
77 75
644 1837
1623 1035
1764 764
1154 1643
1171 889
1246 2781
133 114
1066 736
1552 110
2239 246
264 99
2035 407
798 2856
1023 2157
116 1844
1425 2654
882 2077
683 254
965 42
98 490
83 2898
760 1613
1200 251
2962 1926
1667 1452
1554 2697
57 1066
1470 314
210 255
287 2397
47 2942
1307 1617
1674 185
724 727
2542 1379
2463 904
75 679
2470 701
140 1135
2166 709
896 181
1282 2834
852 1541
758 1044
2063 2161
132 1652
2716 724
2443 1138
2428 1776
1755 2400
2137 40
1818 2229
2604 2166
2986 12
1481 1254
2040 2114
910 2721
2255 1939
607 2084
2683 2525
2797 790
1031 2451
1818 1293
2591 2923
1958 2674
2190 1649
1758 168
1330 1242
15 2409
1507 2098
2503 1665
2344 1014
2269 2609
1809 1627
844 1637
950 517
1092 1558
1934 1240
2569 2193
2921 2755
1250 855
783 2952
2571 27
1919 2486
387 1879
481 2231
2527 95
2188 2346
2365 2804
2177 74
1130 1666
2582 2877
2461 466
2507 2109
1513 2657
808 1963
647 95
1726 1871
2434 841
1377 1801
129 208
2837 1980
288 2288
2382 2533
2807 1682
2166 408
1809 738
2955 2587
1031 2905
574 842
1907 1676
781 1209
2549 2715
2193 757
2098 2371
873 2332
2959 2765
478 1560
850 60
517 2831
1826 2507
288 2414
1690 2309
677 946
226 1475
1173 1485
1174 138
2030 1519
1685 586
1482 386
1531 1656
1126 461
1543 796
1308 2795
1614 836
1041 897
2198 1288
511 11
892 852
292 791
2287 745
2722 1720
2202 1251
1461 1740
1950 1956
1528 1607
157 1792
2424 2046
2928 1152
2823 373
1082 39
1690 2130
731 1664
2948 2343
1399 1029
121 1771
2964 2529
2876 18
2743 520
1569 2849
2048 1226
867 435
2537 2827
1311 1006
483 2806
192 1831
376 317
209 1802
1138 1699
2150 2178
1443 2674
811 2855
1043 261
1091 2643
2102 88
1250 2220
2915 1058
820 2110
582 282
1428 646
1582 1471
437 663
2720 2343
85 2993
2210 569
1997 1677
1457 2211
770 2578
2891 1836
2463 996
1366 859
2713 2535
2367 1294
145 168
2804 2692
1078 2613
1955 2772
1744 816
1976 1115
1766 143
651 419
361 1647
64 1462
207 245
1701 895
489 2027
591 1633
2629 1017
2405 1358
644 2090
1139 1497
2837 1667
1529 2668
1977 319
1042 2755
781 453
1734 1087
995 456
2848 2333
449 1942
1504 444
2416 1538
2233 1723
2126 1603
988 2704
3013 2842
860 1129
1897 1544
2864 1415
214 1990
2453 551
536 2394
1497 1624
2882 633
49 1527
1640 863
2076 597
1420 1001
1253 2663
780 1131
2917 1166
1818 899
2062 1493
2723 1260
2105 662
2329 2515
1009 45
1649 1719
1790 187
2166 704
363 1812
1292 2543
2105 1337
1341 294
482 1279
456 1771
646 831
2069 914
2905 2412
1754 1784
1219 2032
361 1809
2407 1679
144 2426
1860 2609
103 447
423 1677
1637 2319
2039 1625
1268 2563
1784 2491
153 1923
2377 2779
2213 2672
2062 1022
2422 2051
2366 2669
1558 613
1173 2172
2331 2789
2132 91
2230 2525
1164 80
2460 2725
607 1364
480 1311
455 2393
1271 1345
1605 1258
2802 902
2763 1012
2976 2333
1186 1629
1057 2937
1173 2444
204 2663
2764 2608
1306 419
203 1671
2456 1179
264 2969
1625 730
2288 2387
378 1343
2242 2333
900 2291
42 892
2870 2279
1528 2361
1665 2131
855 3007
2082 1752
270 617
1603 935
1226 1826
2433 1856
2314 2667
2424 2765
1474 1856
907 2979
2713 691
1380 2208
34 2008
602 1855
1391 2983
334 2245
2385 3014
2917 337
1169 2956
1233 2411
355 703
272 2076
606 2127
2955 2742
2045 769
88 1352
2856 836
1209 1691
1564 79
2531 1191
2663 2249
920 1863
1749 1072
2341 2216
62 771
1237 1767
309 368
604 232
874 1599
340 151
145 492
1939 499
321 2905
1595 86
1375 1978
1442 630
72 1031
288 2671
2602 2213
1235 1031
1579 2845
2597 2769
1360 2172
2805 2563
1544 746
1778 1055
2199 2627
2556 2446
1172 2481
2811 256
323 2359
1757 2581
1451 2759
52 2799
1352 542
2566 822
1250 2171
836 2299
797 2235
35 445
288 944
2038 807
910 1605
1537 2728
2143 724
96 2665
1640 24
398 1555
1671 1659
2886 2598
2736 889
2142 2035
203 867
2055 2588
1523 2918
2055 2022
2072 2497
1470 1690
1420 233
828 1562
1650 2298
182 1164
1148 208
532 2930
526 1309
2392 1536
1572 2544
284 2871
1544 460
2346 1379
2239 2007
1218 1078
2916 1252
1967 403
1292 241
2938 2755
177 1906
166 708
1328 2388
354 1868
2482 1170
1362 578
846 340
1935 94
245 723
890 1860
677 847
1981 2454
2111 1473
2978 2463
482 2377
1153 1528
533 113
2711 1726
1920 711
2602 2018
204 919
2454 1320
574 655
74 1761
2801 2466
1260 393
121 2262
689 1033
2400 1005
1990 1902
60 2496
2530 2520
1151 215
1641 2412
2214 2418
978 1835
475 2939
1874 401
1675 634
800 1470
2297 2000
2206 2960
1073 2260
1334 2351
590 233
2427 168
2716 1462
348 195
2246 996
820 557
2689 2916
997 1551
543 2711
120 1732
1270 2220
542 1823
2446 1557
1227 1915
1367 386
1389 737
1720 556
889 1302
1937 2403
535 2274
1378 2113
3009 1442
762 429
2488 1126
1881 2721
1151 428
1894 2493
1230 763
2681 1001
1840 561
50 2902
2141 2542
1425 2486
681 2230
2219 2984
643 1419
2524 437
2791 2129
1039 694
1285 169
2288 2171
1687 1774
1235 357
1879 2138
1705 1237
1422 1946
338 1747
990 2678
510 1920
2914 1891
3 932
1097 72
1674 817
1574 684
2666 69
1658 166
372 300
945 2276
2341 412
1977 3013
2487 528
2798 2351
2920 1614
2369 1449
729 1593
732 482
2456 1455
1951 729
238 2803
2983 1914
2850 852
1521 1463
1981 2005
787 237
1900 259
2812 435
1209 1834
1047 6
2538 792
164 480
273 1305
511 692
82 1841
2287 2428
2752 1621
1136 1244
2072 2002
2866 340
356 1852
1911 1057
1337 473
2233 2156
2225 2100
442 2945
2178 2322
2041 1946
366 232
1068 690
1113 1819
1977 1667
670 2654
1075 616
666 536
595 1947
727 1651
837 1968
315 966
2647 208
1502 1676
2429 920
504 2691
960 1671
1432 2166
2346 1803
2094 884
83 2813
2106 1446
535 2944
1418 1693
1942 2438
2760 337
2707 811
458 2339
574 1040
881 1964
1802 1545
1274 284
2039 2224
1440 92
457 1632
1720 308
2871 2346
635 2390
2805 1779
2103 1289
1458 2724
167 911
1531 1305
262 2631
2054 547
2896 1859
480 198
474 2387
960 483
365 329
2353 655
343 859
1212 1434
1617 205
1556 1778
2578 932
1776 2197
2922 2323
1332 2626
152 1706
3000 1857
2549 1794
2519 2694
2967 178
2586 2930
1191 517
2571 2234
755 1242
18 2502
2765 2475
2819 2515
1577 630
1270 1202
2947 2399
1622 2519
1559 2204
2067 834
455 168
2456 2265
1161 432
2253 2324
118 161
38 344
485 792
418 1485
2373 376
1133 2448
1374 216
1662 2
2129 2922
1210 1398
2331 1134
2455 135
559 588
538 1328
49 2406
1561 1218
1979 692
1154 1817
2611 1797
2739 343
11 197
1991 2440
1952 2889
663 2853
948 2917
278 281
765 542
1180 991
459 729
2661 2546
1941 106
1407 2530
1789 1350
1511 238
2999 2097
1901 2749
639 2776
2603 2452
2144 329
1874 1195
1301 1662
1932 1375
1483 998
755 58
205 2652
209 2279
1391 1542
1734 2750
1948 2119
318 2318
1049 1765
656 1046
1663 251
1008 490
724 513
2389 1428
2555 1959
2604 2185
1991 2166
3011 944
1252 927
1007 1975
2223 1289
2054 1981
2905 1711
2998 945
655 2296
652 1978
965 918
2230 2252
358 71
210 297
1718 2935
1244 278
2697 3012
196 1746
17 1273
669 2858
3003 2571
144 2240
834 79
2319 1407
2691 1178
354 1185
1680 559
45 1249
229 653
232 41
1854 1023
46 1182
2519 602
2718 991
2642 2498
2830 793
2845 1069
411 1070
1873 2662
785 3009
1284 860
2945 715
1920 2728
22 1346
2746 2706
639 2381
276 1821
473 2425
3011 1567
1026 271
385 218
1543 1491
2028 1550
2279 1758
2669 1452
2157 3006
763 964
1601 873
93 1848
2552 2797
1596 2023
344 2707
750 83
1245 39
1612 507
1431 394
2573 1026
1985 2296
1720 790
140 259
1639 3002
1850 2470
830 2812
987 482
1072 2759
2507 1132
1906 459
2706 2037
2766 2816
195 1769
1570 1479
13 2937
919 1065
2325 2681
274 2269
2954 1578
1725 854
832 1001
2199 1139
182 1526
2832 1734
1280 2414
2535 806
1709 1330
1828 1405
2929 166
837 1809
1853 2090
805 2631
1154 685
673 2036
650 1501
2033 1074
2175 1192
229 1562
2970 1574
5 708
2949 2684
1104 2776
1561 1930
1990 2840
393 238
1974 1756
1365 2480
2193 2572
1785 300
1133 562
2867 2067
2443 1998
1248 2777
1712 2935
2543 760
2232 1441
708 596
1599 441
2343 366
2446 43
2011 1009
1796 1349
759 2544
2794 2625
1544 918
2734 799
2197 780
2241 264
18 166
2441 2388
38 2382
1920 1797
596 192
1026 1810
2718 1925
107 13
109 2400
1887 2181
2634 980
2272 269
681 2579
2988 2163
1145 776
1925 1698
957 1655
311 928
2157 2400
5 137
2046 1567
420 418
190 2775
1333 2903
1353 2010
136 1933
2375 2530
2804 2096
1371 3012
856 943
2877 1128
2878 1723
2017 2914
1106 228
246 1124
399 844
2224 2866
2434 273
1023 1876
1077 1903
1438 2231
2565 2940
452 476
2421 635
2478 2056
1953 465
2579 75
2476 2107
1543 2401
1754 1854
1673 1132
1774 126
1980 2407
1934 1744
2474 636
1914 943
2484 1888
1760 1346
275 1266
1259 2644
2899 1703
1407 52
66 1641
519 2883
2502 1507
2760 1552
20 1711
779 2095
1658 552
174 2613
2886 1088
2980 1542
1708 11
1129 176
1643 226
2558 765
737 2194
931 413
2499 2986
1544 105
326 960
1435 1057
2233 757
1165 1647
648 1468
1869 2138
3011 2215
2139 1340
900 242
2686 1077
1357 558
2263 1909
1928 792
436 173
2189 655
678 1599
2231 2569
2643 34
1695 374
796 743
392 1476
368 1286
1065 2410
2112 938
1742 1853
2777 561
895 445
1661 2237
824 425
2706 277
296 2967
2569 541
210 693
272 649
1526 2803
2561 2934
1225 278
33 3010
2241 2063
233 1815
914 322
2505 212
2635 2304
104 2900
1626 1021
1053 276
924 1826
321 561
1886 2604
579 1800
511 1203
2746 941
43 1420
319 525
297 872
632 1331
998 195
2926 1606
2497 1189
376 545
252 1404
853 363
1441 720
1231 1829
2891 2046
2938 38
1153 2630
1777 1802
718 2605
522 1143
867 2212
1477 1590
204 2495
1496 2000
1463 2206
1478 1311
168 1783
2955 1472
472 2362
2722 560
25 2820
2791 820
1980 2013
2198 1847
395 1386
3010 1824
2271 587
2430 2385
2595 1046
1872 2217
2407 2026
1593 1419
2502 301
630 2933
1136 503
2362 2690
1601 1797
2034 2160
1160 2503
1511 1715
2225 601
568 1640
2555 318
2925 2819
27 1312
589 26
2952 938
1753 1895
2588 2366
302 401
113 303
1687 772
402 1985
585 2068
37 2732
886 1038
2064 2668
771 1360
1225 1372
281 2988
2341 398
567 1369
2906 2684
1510 1266
2004 2403
940 1925
1748 2939
2274 1980
3012 152
1742 1968
460 1524
1026 2641
1513 2674
1451 575
1536 125
706 236
1919 1399
775 1072
1765 1722
1177 2628
645 1323
2919 2767
1327 2065
1850 2436
1559 2915
2264 2050
636 431
19 435
1258 1612
1256 877
1537 1897
2193 388
2155 1939
987 1510
394 1659
2753 357
1536 838
1311 1865
892 19
2039 204
2028 896
1952 2900
550 638
1802 404
1797 416
1371 2195
2210 1808
173 2635
1945 931
2205 1819
144 2960
2046 342
2387 380
2892 10
1523 1656
2754 1066
2266 1409
620 2180
1552 2848
1437 60
2521 496
739 1031
1253 339
1158 2001
759 389
1180 2760
2759 2487
1376 2382
2920 2189
1831 794
458 2601
2065 2592
1697 1430
2126 925
1356 1157
2406 2948
167 2019
3016 1379
1777 2681
1868 246
855 1355
841 1427
2495 810
2632 981
694 1122
1382 314
1723 2700
2190 557
2577 1029
2109 2652
1 1430
453 394
1373 1666
474 46
1311 402
2120 1611
1056 1060
195 798
1337 2168
269 2979
1493 2746
603 1329
1981 1075
704 1825
1483 2472
2929 163
2655 921
2352 400
597 2275
1458 529
1821 2759
24 1559
2850 1545
2562 1281
996 977
2767 777
2238 581
2278 2295
272 781
752 1380
1478 622
2299 1193
1199 2896
185 1694
2087 216
1095 323
1453 1535
494 2914
2566 264
110 434
1808 1294
1950 574
1352 100
1381 2932
2988 2299
2932 2071
1418 856
2490 1574
839 2019
2727 594
937 1264
2025 1140
974 26
154 2876
466 731
799 2739
2901 478
1635 2946
1219 254
962 2313
986 1364
598 593
2775 620
46 226
1273 1288
738 1974
1109 1300
2056 28
1712 936
1402 2710
1744 1802
2766 939
2708 1873
3013 2870
2575 1971
1076 125
801 319
1702 2874
46 1364
2447 2822
1933 1697
1274 113
1418 738
125 235
1300 2634
216 1991
1560 2083
2802 1714
1316 1511
772 768
1397 3003
2019 1952
2449 447
442 75
2582 2791
470 1033
2969 1509
1280 1275
2040 2812
2631 2802
1017 318
1883 1719
2752 2768
2275 1577
2005 393
2560 130
1075 958
1296 650
931 1209
372 1099
183 2605
2642 2939
295 84
1099 1501
2967 2401
1262 1976
3007 1830
811 446
378 696
1657 2807
839 438
202 2675
2619 2045
257 1188
1981 2871
787 2658
1513 47
2827 1780
2150 494
467 1350
336 2178
1298 677
1406 2586
2081 1557
2157 2987
1781 1420
363 1462
1272 964
1205 7
2280 564
2713 2464
2103 2672
2397 2820
1953 373
766 1348
1473 798
2874 1037
2820 738
559 248
236 1891
1849 321
38 240
728 561
2309 2428
1151 1708
2789 381
1271 2236
56 2893
778 1924
1557 2125
1712 1181
1244 1869
485 1268
1443 1477
921 2130
884 472
2655 1195
836 2371
222 2392
14 499
1595 1573
710 1012
2701 1611
495 98
2896 2943
533 2916
1227 2825
1684 76
649 2486
247 1504
2268 343
1857 2660
877 2824
728 942
1142 1802
493 2897
2720 1177
2389 1962
149 270
2187 2526
743 2654
155 2970
1775 1513
2049 1489
223 2076
1856 1626
2728 1159
20 1480
37 2240
1672 192
878 2167
2424 1358
2750 2064
49 1464
814 1564
2052 185
1704 1687
1055 896
1836 476
995 1991
1646 1908
1471 1396
2910 1571
1707 99
367 2308
2430 2489
680 2327
1281 1267
126 330
2266 1269
536 2805
1218 988
122 1373
1111 837
1642 1049
2355 2483
126 2632
1267 2573
837 18
425 1453
2505 2650
1738 1394
2515 2795
320 2375
1231 1631
1625 66
227 2129
1550 1686
2965 1733
2501 2401
882 1491
512 790
2120 79
860 2317
1717 380
2043 2894
349 2988
1658 1618
1272 962
1899 378
1993 3000
2413 2333
384 1617
2471 1471
2681 2256
872 492
2523 2967
210 1289
410 1682
1234 1012
502 2425
610 799
2338 2665
320 1937
573 852
2756 2780
1852 1676
2958 2216
2350 420
2757 1751
2391 1215
1161 2255
702 2111
1050 1867
614 2463
1302 1994
2945 890
967 631
1984 2914
1011 815
2740 2913
906 6
1257 716
1900 2082
1069 266
1369 2566
2798 1633
150 2009
1665 1994
974 861
196 1960
2391 1672
1924 1101
2081 2630
1976 1342
331 2413
132 1690
94 1591
1663 2694
2527 188
2534 2803
2425 205
1966 1359
1049 890
1574 128
2360 189
2394 244
1693 189
746 1780
880 204
2264 2821
56 1857
2950 2061
638 519
1654 116
1560 2108
1688 208
1551 747
2463 1759
1065 2482
260 2418
2880 349
1154 220
352 65
2624 559
2749 2066
1770 2199
1251 1133
1376 2669
1732 631
1382 573
2462 1596
1379 1176
1762 1616
2314 2915
1998 1986
851 822
2364 2780
451 2054
1057 1413
1695 2660
423 1351
1133 1588
2883 2257
844 863
831 469
2808 449
1257 747
1695 923
2803 1245
1374 1626
1641 9
1004 990
446 1362
2837 2716
815 647
2160 1797
1134 427
2626 557
1680 1451
2201 812
800 659
2386 1593
2378 1817
2428 618
1104 1672
1067 636
2337 1887
1685 2729
1645 2920
1864 1749
1986 465
1370 81
2666 2718
1136 721
2835 1773
1208 2549
1493 1296
126 1555
2728 1919
1723 675
1443 2491
1545 2202
1830 1380
2313 2632
2481 909
2813 66
2946 962
158 264
1788 1577
2215 2576
490 1598
1320 657
1208 1485
140 2801
811 1076
2467 1024
2699 390
2681 1403
1184 2161
13 538
2739 1425
1915 274
2640 1563
170 1699
651 2035
1199 2386
1311 2118
864 993
2080 576
2762 1635
1259 1984
324 120
2193 2103
234 2031
1976 501
1178 1351
1017 2740
3002 1700
2435 75
2856 1857
1183 732
1080 2264
2194 2094
2715 555
1742 1219
2290 2415
1672 2019
1583 1420
1212 712
612 1006
2085 2112
1377 927
1365 55
2474 2179
1411 1402
351 2058
1720 876
931 1041
2209 2972
1014 2569
40 2710
59 991
1675 758
1850 2626
1371 1648
1015 2273
2375 1019
857 2626
2759 1976
2124 2244
161 448
1184 2454
2286 1052
399 253
1990 314
867 2178
1976 2911
2909 2834
1851 2136
1967 2588
1161 367
2668 1951
1038 692
826 553
1533 33
1983 785
1827 1765
1417 1006
554 219
2436 493
2728 2456
41 2927
2245 424
2473 536
1568 841
1677 770
1747 1846
2898 1952
1787 285
1501 907
465 2402
267 752
51 2690
132 1008
155 1257
1259 639
1407 2924
2568 1438
224 1136
358 146
1331 921
2869 930
2883 547
449 1972
268 1589
873 2976
1906 1097
1217 836
3008 1094
1392 350
1522 2510
627 2997
3003 616
2008 1977
471 1983
1500 1678
443 2113
278 1214
1496 2872
865 260
1131 2621
1926 1649
352 712
519 1498
1963 1345
2621 768
997 2643
524 271
189 2243
2722 2559
372 2109
1323 1566
2016 1263
352 740
2906 45
1243 2822
1960 819
2588 2052
531 2438
327 428
1306 2012
2780 1844
1198 2118
2998 1731
2708 1229
1053 1097
1382 1227
1548 250
1330 926
2739 2783
57 1984
1230 1604
1865 2345
756 51
1812 2363
2448 48
871 69
1948 332
988 322
1737 1195
2864 575
2193 1741
733 2480
374 8
194 2667
743 804
782 915
642 1614
2864 3014
2500 2494
250 1320
307 2577
2801 1286
1013 2263
1583 1780
2654 702
130 1624
70 1349
1442 52
1409 914
2278 2231
1213 2621
2040 2269
1071 1042
1628 59
2374 1171
1725 2212
2247 1196
1761 1422
1103 165
480 2950
2300 404
2184 216
1045 2592
364 2103
277 2679
864 659
2300 1897
2311 718
1646 930
2150 1350
2362 908
2070 47
1556 1363
2253 734
2011 2063
2654 1302
971 2757
868 783
1781 1558
1251 1626
2306 2703
1336 1878
2628 1304
2315 2775
54 1581
2516 585
2582 1056
1644 89
1826 2220
2623 1221
2592 1644
2953 599
724 1410
1829 533
1534 1584
191 908
2497 1795
2876 9
1158 1098
2821 2302
2767 1563
24 2659
636 999
1447 1003
1329 314
2902 491
2894 988
873 1598
806 82
972 171
1752 2245
2785 453
1945 665
678 1722
1528 2632
2748 2285
513 2741
1425 301
147 2906
695 651
2826 218
1107 2032
741 967
790 413
2561 1277
856 1968
2428 1173
1896 1286
675 491
1541 2803
2588 1057
2560 1596
2917 1586
1231 493
1883 1999
860 2875
2924 694
1428 132
2574 2421
849 2626
685 1107
809 2493
1169 1184
2244 1133
2149 1601
2537 1139
2866 1845
3002 1185
122 626
859 773
1805 1528
1463 315
2287 2476
675 1384
2192 615
2665 311
106 429
1999 2264
455 1047
2893 2292
2665 1873
803 2539
2872 1556
1064 702
2664 1837
2924 2405
128 2132
1407 297
491 415
743 1515
1603 2588
1783 1532
1001 2450
1042 2843
1510 2569
2892 2338
2398 2533
1049 2705
2280 15
2372 2850
2703 1780
650 2011
500 1108
2180 1047
513 2668
945 2213
1063 765
2193 1887
2265 250
739 1533
1359 2062
1816 40
924 476
2517 999
473 2317
2085 149
376 1790
245 1593
2857 1471
1239 1532
2272 2477
383 2695
2197 1592
2025 202
3010 1590
1769 622
289 670
425 28
20 2526
1911 2156
2675 2518
2820 887
770 1555
2630 869
1335 1421
982 480
2264 1824
371 1487
267 1423
1398 1004
2789 12
396 391
1972 2538
2359 2640
2565 2180
1933 1040
2694 378
223 2937
1573 2067
588 2130
2519 2686
2507 44
1906 1408
548 2799
1884 433
2736 1478
1201 1486
1372 1766
97 1569
2363 476
247 124
1417 380
2483 1154
2984 1482
1441 2119
1943 2581
408 602
110 2359
324 2434
715 1654
413 1262
2744 910
630 1548
194 1813
134 627
228 502
714 2520
1290 23
1393 2461
111 618
2399 205
1351 2120
2122 2490
1573 2897
848 1712
1006 2069
352 535
1621 1902
1036 196
2541 1836
29 1960
650 2696
1055 1856
856 657
640 2371
2954 1042
1694 279
2613 1386
382 1885
514 2362
741 1265
1327 979
2507 2451
127 1429
899 896
1197 873
2333 2641
1085 945
636 898
1036 66
2409 1373
139 1313
2438 1381
2679 1323
99 1219
2932 875
1396 1829
2789 504
1704 1818
2294 2116
2412 1927
387 230
2959 2901
934 33
124 3016
1332 2059
554 1017
2921 1015
2823 1693
1463 955
2745 2125
1579 587
964 364
961 44
455 700
1362 1633
2958 1865
1165 1954
89 148
2260 528
1716 465
1658 611
565 2313
644 1516
58 1097
1797 283
1512 169
1408 2730
404 1687
905 535
1238 785
1364 2134
2513 2142
1013 1477
2045 774
2039 3015
845 813
1910 2970
1226 740
1652 1104
413 2192
2871 2330
505 2641
561 360
2903 453
2103 2194
2311 2138
2499 1050
326 1431
1171 1496
2354 1596
2127 2365
1808 1813
662 848
1415 2187
1890 1924
2579 43
111 2416
274 1509
2328 2829
2042 414
354 1172
2825 2238
104 2390
1764 2179
1757 650
729 2868
1933 26
1564 2463
2260 1774
1078 2596
2157 71
161 2016
164 349
2453 2307
980 2354
855 1138
371 2685
773 1757
2505 1136
1019 2970
1461 1059
1568 2985
216 374
1778 93
2095 570
3006 2777
2589 321
2801 529
575 1810
1418 965
486 1054
2461 1634
633 174
3001 760
1232 890
1331 1901
1690 2859
1481 2120
464 1602
472 2743
1895 1591
1383 674
1698 2371
889 2685
1966 2294
919 618
1901 2666
460 1861
1235 1477
191 2238
1084 507
2268 1634
2284 2378
323 1291
1565 917
1728 227
1997 1922
2161 2677
405 2108
2564 2924
1091 2449
870 2114
257 660
916 1043
1588 508
1886 2455
2549 2356
1415 1819
1523 2665
767 832
1464 823
881 1371
616 1700
1949 2820
1981 2564
831 231
2653 2195
78 1982
2834 2686
2518 284
1073 2114
1254 1339
1028 107
1467 1519
1792 2135
2292 1145
1775 609
403 734
2736 2582
1578 430
994 2507
740 165
2172 1509
1495 3004
1656 1879
1049 1433
940 416
2808 1843
2464 2986
2368 2407
1266 2292
225 2414
2117 2017
2015 2220
1461 1735
2720 1075
300 2497
1161 2254
953 2062
1834 2070
1860 2295
2469 1209
171 45
1795 2517
1225 2784
1471 826
753 113
2873 1133
1663 2953
708 1118
1207 1192
1968 1867
1252 575
217 1602
1379 2086
782 1403
973 1271
1371 2660
25 1073
1383 2891
447 1662
295 2735
942 1317
1329 832
255 2400
1650 1330
647 2479
713 1175
569 1620
2361 2978
154 317
299 1948
2323 846
425 1210
595 292
332 2205
1426 1290
1392 249
1455 2064
347 1942
787 1239
1313 2298
1348 230
1635 1598
883 1512
51 44
758 2364
2617 2936
1255 2716
2281 2212
2131 2806
2555 1617
2835 422
2674 933
2566 2730
1366 2368
870 2116
2850 1518
1710 548
1318 1544
99 1796
493 1611
2384 2298
1440 271
296 433
1362 1329
1696 1352
451 105
2241 1441
485 1917
603 1348
626 1196
45 1153
1331 548
374 658
1226 421
1079 919
2154 604
39 647
1633 545
6 1630
2757 961
1426 2409
1332 2388
1053 1452
2066 1816
1356 2948
255 564
777 382
798 150
307 1094
2192 1606
2193 329
959 2288
2027 1971
267 2486
137 1641
2216 564
993 1481
470 1226
909 2453
408 1398
2947 2308
2206 2663
795 2313
2171 1587
1029 2594
2599 2306
1768 1810
942 1216
1972 727
2911 1223
2473 1068
1765 691
2998 865
122 2972
107 406
1895 879
1967 2156
2350 2142
1050 660
728 1907
2356 2021
871 2865
277 2802
2413 2795
1363 1842
307 1027
2743 1239
2892 2021
472 2807
383 2401
1416 548
920 1482
2607 839
167 262
2831 639
424 223
937 1507
1846 2210
183 2330
1046 1076
465 898
1546 832
3 2842
1791 181
1949 1625
3006 774
778 788
278 256
2497 1780
2848 1055
1623 142
2 2017
2731 2545
1949 2953
785 2707
2511 45
1656 141
1978 1921
1804 1106
2763 1146
604 1460
2652 916
573 2639
2970 269
1421 708
1895 2911
2601 2640
2265 2538
79 202
1098 159
965 1064
2902 2190
2456 2882
1936 633
1942 598
1853 543
805 2659
967 2058
2929 1558
2811 1177
794 128
835 1191
1059 645
1990 1154
1996 974
1403 2021
2057 2576
2857 94
2 2435
802 2856
697 525
1220 2427
183 1884
2695 2007
750 895
2161 621
312 2318
1581 1894
1519 333
775 545
1419 1462
1050 2665
1752 2211
2690 1901
2100 2624
1410 319
421 2223
544 54
890 1897
1036 1124
1893 2708
2045 2559
447 1216
635 2308
2132 129
1422 2832
1147 2368
1006 3005
2943 1722
2985 1727
1232 845
1923 196
769 528
2046 2466
2518 383
1197 140
2085 1625
848 301
2167 2153
2770 1792
1146 1222
1580 2766
2439 1665
1728 1028
692 2993
2526 1586
2770 2138
1298 1605
1968 529
1508 397
2958 1930
1926 2240
1779 2499
2826 1261
2984 334
258 2602
2867 499
2438 1927
1541 3011
2577 2281
1916 686
692 1976
1778 2030
2282 697
188 2
2242 924
1483 388
2897 815
822 1395
453 1465
591 1770
1875 528
2626 2599
585 860
305 2669
285 1001
1050 2234
1076 1321
1471 1050
1900 232
93 2482
114 1342
2342 653
1645 2649
1727 2547
2577 672
1298 2261
533 2329
885 1219
2366 1523
1082 2246
73 2757
701 1342
1909 2581
777 1349
302 1714
787 1385
2012 963
2013 1750
1290 2918
1525 2914
2463 1050
235 936
2744 885
2126 573
2612 1470
2704 1054
447 156
2333 248
367 2677
1889 111
890 2976
751 592
1174 2460
242 2486
872 2294
1544 1336
2598 1567
1689 609
437 1732
661 600
251 1148
2883 2486
2317 846
2907 66
939 256
181 1960
2359 161
1264 445
962 1400
2732 1629
2303 154
776 734
1566 2472
957 1610
2418 1630
344 2385
428 2166
1596 388
342 227
622 2259
2752 1446
1879 2008
1942 1405
998 2570
2743 2487
1435 2843
2272 137
597 2195
2544 4
2765 2154
585 1908
1889 2233
2293 698
1218 2954
1567 2508
1782 2948
2582 2576
2206 2216
1021 1068
625 1206
2646 1537
2040 905
2114 1995
2328 551
2170 1427
2435 1498
1610 733
1567 409
2536 170
493 1048
186 167
419 899
1133 2437
99 1407
1158 871
1170 2522
2853 2383
1938 1718
53 1048
360 2370
790 2685
2438 2209
2403 1857
2178 2896
733 678
2398 2804
1333 1742
958 250
1950 1293
1037 2166
2849 549
1328 1533
1982 1327
713 1578
2394 1073
357 2660
2131 1723
2239 1286
2094 1033
835 919
170 1412
1979 1184
2507 1953
1790 2360
1087 2944
1700 2947
1748 694
363 1895
1992 1331
733 2581
2136 1061
64 510
762 652
1556 2020
1874 2996
848 788
1265 2518
438 2427
2649 1566
1867 1350
2042 214
1720 2392
1305 514
2587 1800
340 1611
423 280
991 996
2759 2327
2377 1208
2631 2072
2343 1274
2595 9
953 83
2182 725
1601 583
1869 2570
1847 2184
1665 1796
767 1826
1337 824
112 1637
1661 458
2687 47
852 2191
834 1447
847 572
222 1619
2236 2717
714 1539
204 479
825 531
381 1094
1964 85
2336 1799
1598 197
2508 128
1270 2531
2529 899
2584 2948
2558 2695
2124 2954
1076 887
622 1015
1809 2937
2060 1758
758 895
1548 2090
2513 2529
947 2853
1428 2026
2462 2219
100 2983
2669 852
315 467
2315 1037
2350 142
1528 2192
1015 657
1087 1535
788 171
344 2893
1742 1767
543 2821
2348 1692
2411 2553
125 1340
680 1524
713 837
2173 384
2449 2027
1487 2290
1619 2844
1108 2729
1615 354
1105 1202
268 1621
141 135
2491 1726
2364 1147
2819 1038
1812 511
1572 2933
1731 1993
1684 1755
351 264
733 2810
2116 737
1556 2729
2 2125
1052 843
2733 1128
1081 1094
2851 2596
574 2997
2481 2172
375 382
1439 2777
904 2341
975 2809
2212 1255
2666 1419
2766 72
1947 892
1796 1006
1057 2093
2270 59
810 354
772 2134
1939 284
566 1819
184 24
1313 135
1203 1447
2833 1541
148 1548
2473 899
1798 209
2652 2069
1643 1010
2432 113
434 759
2726 2786
192 607
2620 2470
323 1760
314 2312
745 1424
936 2110
2040 2487
2455 1731
1411 2826
1555 1070
1051 306
880 1442
620 387
2026 956
1100 3006
203 1744
87 943
2713 2557
1965 2999
821 2132
1242 2667
2269 253
574 995
2442 1769
2659 1732
2739 2625
1298 2870
977 2950
1022 2383
2681 1623
2310 2927
445 702
2064 1346
1075 2595
2153 2241
1852 2327
2341 1353
2318 403
1989 826
1851 2703
2236 1401
1488 387
330 462
143 2249
2881 1927
1813 888
403 411
2916 355
2273 864
2826 2936
2661 982
57 450
2001 1402
2437 1088
1494 1684
2297 507
2607 1625
1098 300
171 945
1034 347
2022 2738
774 1353
648 651
1321 15
652 402
1831 133
1451 959
2139 2036
1703 1399
2065 2460
1752 2521
580 2679
2194 2204
1089 900
2901 1904
2075 1885
1572 2968
1549 2465
2903 1878
2115 323
49 303
913 1329
674 339
1026 1877
2693 246
1010 2592
283 2578
253 2506
159 67
1558 107
1609 297
2840 1638
1667 1546
2737 2504
263 2901
2850 2965
662 7
928 1380
1410 2250
1214 2174
1253 2241
57 1315
2096 526
1842 668
2166 2805
2016 1890
2958 1478
643 2486
732 70
2178 2055
1712 1046
1726 1175
1933 2843
2709 2422
2059 2365
568 1702
1014 2272
2597 2645
2862 2453
2557 750
2829 618
2311 2368
2204 686
1844 1333
2430 2630
1049 269
1066 2427
2496 1744
1709 1706
2527 192
2206 1650
679 2429
2449 121
1814 2630
885 728
2038 1151
2726 1786
715 2965
211 2241
1113 2580
977 785
692 1066
1238 1667
911 2545
2590 2884
1966 1376
2762 2915
2947 2363
1804 2094
908 2903
1621 742
2211 1295
1480 2974
1189 2714
428 1752
324 1554
821 640
1885 262
1747 223
2379 1817
2441 2105
818 1609
2391 2511
1316 1560
2649 2806
2000 2511
2703 2503
750 806
483 749
372 1501
1277 1850
2620 1447
2570 322
1764 929
2841 2149
1796 127
2941 1177
2179 1008
1262 2407
1251 717
2183 1282
1489 254
49 1091
1998 757
463 103
2088 2504
1385 2807
2497 2987
2553 1198
1335 1388
2832 2687
1003 518
2834 2005
290 2270
1638 2961
1831 2897
2655 168
2279 2892
949 2722
1147 2050
1389 1860
2 2562
2757 623
1684 79
353 1127
848 2374
433 1028
1639 2323
24 612
278 2260
774 1159
1808 1492
1471 2018
866 1738
915 53
942 2488
1812 2349
2760 1148
2826 1210
44 1802
482 2642
1254 2535
2243 701
2240 3016
112 2342
1615 593
2425 2768
2887 3015
833 1967
2347 2503
585 2115
1381 2316
124 2777
2156 2525
849 401
2777 780
693 273
1217 1088
2110 424
2270 412
1081 1676
734 1550
396 1813
866 1761
1684 575
1104 435
2377 1076
2338 2207
917 1040
2573 1709
1809 2739
2179 1365
2840 939
2513 136
970 1439
130 935
1659 85
738 849
2761 1900
275 1066
297 707
268 510
2266 41
964 2266
2048 2498
276 2676
899 1417
563 2150
3013 1712
1311 2591
1352 817
83 2169
1214 241
1211 396
1463 1879
2265 618
494 1170
1316 193
1692 2704
2308 2036
1964 384
2631 370
2901 2377
2599 438
308 2416
242 893
199 2230
577 2387
1626 1976
2641 1710
2326 2206
1157 2729
1085 2932
1217 123
1368 1443
785 422
849 1073
2512 3000
953 1933
2441 2437
179 1244
1194 1730
447 199
2436 92
328 66
1709 784
1551 2623
637 880
445 113
1940 1596
2709 2002
2523 454
1392 1925
1150 117
2726 1724
2897 1547
2828 2499
2992 2063
1936 2315
749 2532
1287 48
661 552
1008 532
2523 166
2903 1890
2548 1204
1275 787
2578 2710
2231 1436
2338 1913
2285 1206
1421 985
1726 421
1266 1139
2291 2250
2074 67
216 2905
1155 2072
699 1964
606 1643
1809 2469
2698 828
1418 1472
2918 2517
472 2607
2058 957
2140 52
1023 2302
489 1011
282 2639
671 940
1342 2602
2489 2077
927 1183
1511 407
487 2000
1733 485
172 1315
530 2000
848 2667
2346 525
608 2799
2653 2548
342 498
1014 379
2143 1953
1988 738
2086 1768
1740 2621
223 1253
2853 2189
1045 987
2402 2047
1220 417
140 2699
1951 1673
2486 2678
2947 1889
223 2729
2938 1301
67 1831
2594 2531
1339 643
1516 1821
2768 2728
1101 2027
532 2903
207 286
2009 1356
985 2654
1671 585
787 1062
2147 1170
404 2818
794 744
2764 152
122 1590
1034 68
282 2391
2062 1378
109 1742
2456 1408
1820 1284
2936 521
2632 365
1243 2915
1820 203
1509 114
2025 1066
2177 891
