191 2578
66 151
173 3
98 135
91 175
89 163
88 90
75 72
82 63
76 55
93 142
179 19
122 131
84 107
158 38
82 16
130 72
149 134
165 86
60 160
90 176
103 158
184 64
8 79
166 6
92 50
41 166
24 155
110 53
99 71
21 122
18 20
153 152
121 133
21 138
148 43
170 106
161 175
43 146
33 37
91 114
116 96
78 35
44 94
163 177
170 15
109 108
120 105
121 27
80 70
158 17
140 90
45 3
142 29
145 157
129 75
186 24
155 172
134 12
17 165
183 65
63 80
27 68
120 25
144 163
87 93
138 130
21 83
55 116
156 98
74 118
158 114
101 46
3 79
20 99
41 39
114 24
38 109
23 69
94 71
63 9
77 123
167 95
26 48
90 173
30 103
9 26
143 85
132 34
64 3
40 151
88 3
135 19
44 145
36 8
3 5
180 142
34 148
12 90
17 80
34 39
165 60
169 14
32 169
5 36
59 99
97 49
45 84
167 87
71 32
128 177
59 176
95 109
38 29
30 60
128 97
76 168
145 116
141 27
20 76
65 164
122 175
46 9
37 136
24 100
160 142
116 41
146 151
48 11
9 116
97 142
70 92
188 39
69 2
133 107
6 156
152 3
27 177
85 133
81 26
70 40
31 135
90 134
27 59
190 47
146 1
104 61
9 150
86 115
63 75
150 178
81 50
125 64
40 30
161 134
90 123
167 101
159 96
101 94
79 70
127 21
10 163
165 63
59 87
47 66
33 113
24 105
100 13
6 58
75 3
87 50
70 6
74 16
13 92
86 177
98 128
32 77
57 138
131 173
55 113
31 1
25 9
108 61
118 55
6 152
87 120
64 157
189 183
66 74
140 11
35 119
70 144
69 151
180 109
168 162
50 36
178 141
52 140
169 42
62 165
145 59
191 43
20 11
190 191
17 42
145 98
62 5
159 19
30 2
90 22
156 169
92 119
182 15
14 175
44 147
31 86
37 174
49 155
13 37
34 158
117 133
59 108
179 171
158 183
79 72
32 134
182 188
57 61
60 108
113 167
81 126
16 100
59 139
56 31
131 30
8 189
53 140
40 108
91 151
163 108
9 99
79 111
93 132
17 70
189 96
159 2
150 40
9 38
29 131
112 144
185 17
62 80
10 146
164 185
184 52
107 14
12 19
113 161
127 60
103 10
178 119
13 160
80 85
95 5
52 116
48 87
42 14
98 15
90 177
34 99
49 167
55 107
184 45
7 99
66 83
23 78
74 164
83 6
16 166
99 114
75 164
94 173
105 10
82 62
120 100
99 163
175 179
77 11
15 96
105 132
11 7
82 84
10 76
185 121
137 94
22 146
55 94
22 24
74 61
27 109
28 59
84 116
28 87
119 79
88 109
190 130
170 56
126 8
108 105
49 37
29 85
6 164
4 18
165 114
91 158
16 61
34 35
79 51
19 26
117 124
106 2
29 136
181 122
46 4
46 118
72 173
126 167
78 15
98 99
148 48
163 154
123 45
175 121
98 120
19 107
77 28
141 191
88 17
70 122
108 117
159 164
13 81
169 11
38 65
159 102
76 128
150 71
28 80
152 81
163 113
66 144
191 138
78 100
52 153
160 51
72 4
23 100
182 172
45 91
127 161
35 105
3 76
2 183
59 26
73 18
171 113
19 91
114 143
186 163
160 68
25 16
188 93
45 6
67 159
104 32
170 157
35 177
69 137
180 135
78 39
69 164
55 35
44 186
173 169
2 32
16 37
168 147
126 88
154 20
191 31
99 185
85 41
133 47
114 163
50 151
176 73
158 80
120 4
183 84
148 65
161 63
188 175
91 177
25 30
141 98
159 34
38 95
160 60
151 80
165 179
35 57
155 183
9 146
67 5
103 130
163 33
106 190
153 10
85 84
167 23
66 98
14 149
56 81
30 110
97 35
54 108
158 149
168 126
3 153
31 10
80 135
1 128
3 26
48 51
51 118
155 93
1 75
8 46
52 37
85 173
91 148
97 77
103 141
146 93
27 69
108 153
187 59
91 92
154 170
76 47
140 112
26 106
90 154
159 10
174 30
68 100
176 107
69 102
130 113
75 96
151 110
9 62
34 58
162 24
114 66
56 175
65 37
168 186
132 191
163 66
135 116
84 27
57 98
49 13
70 155
123 46
66 70
77 158
74 161
27 72
11 161
33 173
166 152
40 189
121 153
55 152
21 134
115 133
177 95
174 146
49 133
63 87
117 7
147 65
39 24
119 51
119 177
34 106
45 185
176 75
12 100
27 76
167 84
171 1
81 104
91 125
89 39
162 16
150 149
183 107
144 129
42 23
52 132
64 97
71 49
38 148
168 117
134 116
126 70
79 2
140 95
148 164
181 182
119 136
188 33
122 180
131 39
174 87
146 46
132 75
129 52
93 4
107 2
61 99
32 50
51 49
72 145
107 130
90 16
147 58
28 167
185 140
21 45
54 179
114 105
1 38
39 146
56 44
11 139
147 25
46 53
168 142
10 154
1 159
124 53
109 166
115 31
8 22
58 87
182 27
115 117
113 25
106 88
46 130
13 9
152 31
103 14
26 112
49 14
86 129
55 164
40 140
175 157
13 186
120 167
179 109
188 18
91 84
15 90
73 126
153 31
51 71
95 113
14 43
31 75
103 66
20 6
68 181
5 183
156 52
119 26
95 10
90 188
180 110
100 86
23 62
25 10
66 133
62 125
34 130
169 67
188 86
118 188
84 176
56 35
10 70
189 51
59 114
64 191
91 24
159 109
5 146
13 56
46 85
63 33
155 163
37 45
114 57
14 118
6 140
102 50
65 141
52 67
3 167
80 168
127 68
157 28
186 169
43 167
146 26
75 124
181 88
117 68
131 143
59 54
103 6
77 142
100 165
127 41
2 111
128 172
150 66
169 47
84 110
190 107
132 47
23 151
168 190
45 66
137 177
9 189
28 120
70 36
32 150
135 63
180 64
171 48
140 106
107 12
176 137
83 120
35 141
92 115
124 74
134 161
156 83
137 59
144 44
152 124
180 9
118 147
80 2
104 190
163 179
99 125
154 105
121 78
146 176
96 158
29 180
162 41
126 125
88 99
116 57
172 85
148 149
70 99
102 41
134 143
93 190
136 129
25 154
176 112
58 8
13 141
169 157
182 36
93 135
65 156
171 183
141 8
64 17
182 112
61 64
6 107
23 141
4 84
147 74
39 124
141 157
81 19
12 68
77 58
63 77
108 92
189 180
162 11
126 129
161 22
37 98
7 43
121 7
148 165
59 123
146 30
69 145
113 57
57 69
23 20
160 173
139 138
135 161
47 116
11 108
45 7
32 84
122 142
64 160
122 36
104 178
191 151
79 141
146 170
39 186
60 101
17 151
15 154
107 104
46 113
74 87
177 25
157 134
29 111
156 118
169 152
105 54
7 92
8 138
23 26
21 37
70 153
171 128
185 145
159 141
71 100
163 2
105 188
19 2
62 14
75 54
153 122
90 87
154 112
135 35
66 113
23 66
38 58
86 12
54 49
48 163
158 99
128 183
79 37
13 19
20 179
81 72
111 87
122 125
95 85
78 88
170 153
21 97
86 189
95 129
130 84
161 131
25 131
143 24
127 165
161 83
157 76
86 152
37 112
159 149
79 57
166 62
18 178
149 107
75 83
77 96
37 117
27 64
41 100
81 59
184 176
18 128
114 86
179 128
124 69
10 132
102 8
64 178
176 13
145 133
27 61
118 115
27 60
99 54
26 51
53 126
70 98
20 131
37 180
106 16
31 122
83 72
119 50
141 145
184 106
140 58
164 38
146 120
79 95
2 82
27 87
121 60
183 99
169 139
116 165
173 57
144 50
177 68
166 129
44 32
1 182
23 40
123 52
23 15
187 48
12 156
57 182
67 186
67 170
66 104
6 23
173 171
75 26
111 65
157 43
80 77
180 26
161 170
59 155
123 105
11 187
167 70
155 100
174 118
38 14
13 82
144 66
85 25
87 139
128 151
70 138
97 13
7 90
117 138
58 134
186 187
66 22
35 176
34 103
5 20
141 173
24 116
34 4
85 125
161 152
153 119
151 173
95 59
58 74
30 35
144 21
15 57
29 35
93 33
22 48
98 76
111 88
83 182
137 83
152 76
160 5
96 187
111 95
86 112
95 179
168 13
50 155
51 103
185 90
81 42
154 180
81 146
18 183
27 162
184 117
76 15
188 57
87 169
22 189
19 103
50 31
149 103
129 10
161 119
135 114
98 44
92 22
121 186
166 154
172 159
136 131
171 123
181 124
120 12
110 18
67 47
36 18
92 121
86 183
70 188
55 104
19 150
150 118
182 64
62 96
153 127
152 125
143 34
103 145
155 102
151 9
187 110
185 166
125 117
164 161
89 30
172 126
43 23
114 138
183 113
62 178
176 149
62 138
44 82
14 93
115 170
39 85
73 94
45 186
59 186
113 80
75 60
15 10
89 154
163 147
137 130
126 29
40 109
67 16
42 174
37 14
59 42
167 68
166 187
182 173
160 128
146 169
87 11
100 186
174 181
84 178
187 72
36 24
79 90
116 75
174 76
21 179
159 111
176 99
147 38
168 61
44 61
143 170
173 92
143 127
38 155
98 158
173 56
187 78
57 99
2 97
160 88
82 75
66 117
60 172
121 21
64 13
13 6
41 27
99 32
136 1
31 16
177 154
114 99
134 126
101 122
175 57
86 110
153 108
108 17
95 147
110 51
120 111
139 48
155 109
103 139
182 56
66 131
60 93
182 19
130 43
41 185
117 169
170 135
151 88
152 91
62 32
55 15
20 94
150 33
121 148
145 99
176 101
122 106
185 19
94 119
13 85
156 6
173 38
107 81
179 93
59 36
117 122
166 165
110 161
120 124
190 80
50 132
103 167
35 127
64 32
8 41
84 175
100 168
163 92
8 161
178 79
175 149
28 2
155 151
143 158
102 28
88 187
180 7
20 37
150 78
17 77
130 66
147 184
66 163
63 107
57 14
152 148
99 134
178 191
151 47
42 158
166 140
94 112
156 125
49 94
158 189
122 67
174 191
64 137
133 73
36 102
12 102
47 175
103 115
5 1
67 28
41 19
174 190
69 71
88 33
101 28
101 32
147 8
50 64
18 131
80 178
19 144
47 53
23 56
100 8
138 23
102 86
174 79
130 172
115 125
48 155
34 5
120 165
189 40
114 144
84 24
154 66
102 46
180 130
134 65
141 84
62 154
121 149
49 102
142 175
139 37
167 162
85 56
138 124
7 113
140 98
154 98
118 69
130 63
69 64
54 18
148 20
109 50
147 148
30 85
71 86
29 121
128 34
108 167
121 52
107 162
9 186
9 142
67 76
97 149
37 100
139 81
121 120
158 50
131 99
150 154
69 77
77 36
168 30
41 120
34 125
68 139
109 78
78 124
72 87
191 168
154 53
29 74
127 123
153 12
57 97
16 123
29 119
149 43
40 78
156 24
136 78
161 46
84 66
1 42
15 171
190 2
59 135
18 12
63 97
148 66
128 173
27 149
155 44
91 75
145 56
141 101
20 48
87 28
163 40
76 119
125 18
119 44
63 181
113 55
97 171
12 127
103 44
97 95
21 46
88 2
77 132
124 17
46 100
160 126
10 32
39 128
178 136
14 91
97 1
175 32
160 16
72 37
67 189
182 146
179 74
75 74
148 25
74 119
44 142
165 175
141 60
26 59
118 14
180 156
8 160
27 168
90 97
150 5
68 70
17 20
187 6
47 74
114 190
6 63
116 11
160 58
74 170
96 177
88 152
68 124
29 73
50 32
85 95
104 82
127 64
13 145
95 186
110 39
144 184
21 173
187 51
79 42
94 69
125 156
71 107
104 177
71 108
83 175
100 40
11 168
40 186
175 101
48 99
96 163
139 142
55 49
72 78
169 56
66 64
43 162
28 67
107 154
5 129
98 59
16 151
1 21
95 168
112 68
74 167
40 171
149 1
140 30
52 149
5 9
171 91
31 2
167 181
184 147
161 95
40 115
83 166
17 40
37 110
28 23
169 125
157 39
85 154
103 96
163 95
28 57
125 69
24 184
54 76
159 173
108 146
23 101
3 40
146 126
35 163
100 44
10 110
40 113
35 99
184 178
107 76
2 116
174 13
21 48
95 24
12 92
175 151
174 183
71 115
23 121
8 119
39 1
153 73
146 21
133 115
139 91
160 98
79 76
60 168
178 88
134 4
5 157
22 66
103 100
115 90
47 75
119 142
55 1
138 161
138 81
17 148
136 148
182 139
120 173
168 53
109 137
161 130
59 106
175 76
177 73
40 191
68 185
28 130
131 79
111 17
75 158
79 27
22 89
107 116
99 36
173 120
148 97
81 102
73 131
43 188
66 8
53 30
16 28
71 53
61 128
80 40
189 142
83 181
176 27
55 56
85 90
13 20
128 189
183 188
86 136
45 173
28 76
98 26
5 160
168 181
133 183
103 119
44 17
181 53
44 172
140 114
7 151
86 40
133 152
132 24
127 56
165 93
148 189
144 84
187 188
111 28
92 170
130 62
190 159
16 21
28 97
166 9
131 186
67 11
187 112
9 94
69 180
23 117
98 61
51 72
27 189
119 95
185 163
152 172
62 52
139 53
88 87
33 14
4 141
100 115
173 25
22 100
187 163
9 112
38 88
7 49
72 191
149 142
19 79
160 105
101 2
44 97
26 118
73 143
12 159
6 61
53 181
172 62
188 142
24 4
131 48
102 44
33 99
136 101
99 127
18 6
129 171
122 121
150 170
21 144
49 187
3 21
103 86
110 130
98 104
22 71
132 166
157 139
91 14
167 147
160 165
175 165
117 74
122 45
15 7
115 118
133 144
114 118
71 45
85 114
104 71
124 141
43 24
53 135
69 141
13 140
152 53
24 185
22 26
168 21
125 188
53 109
96 99
99 72
28 160
161 158
86 120
29 48
9 77
131 155
184 79
57 41
6 102
45 16
103 185
48 172
70 82
45 62
22 170
126 180
59 137
188 26
129 48
135 178
135 2
167 37
13 23
144 142
47 14
153 56
59 62
93 59
102 171
153 160
118 57
154 130
105 57
138 76
138 1
81 177
141 109
41 46
37 16
136 102
147 30
169 172
135 71
2 81
50 165
4 74
60 129
139 140
2 95
71 109
15 82
7 88
37 75
131 55
116 46
156 19
14 70
28 39
185 54
15 153
103 3
13 119
38 86
27 153
176 66
100 112
145 155
39 134
89 157
164 79
100 54
23 84
64 117
108 188
23 97
100 30
81 150
113 101
159 135
43 81
5 180
97 87
51 39
85 145
7 116
176 4
143 69
168 5
52 64
110 150
62 113
55 67
16 83
62 23
56 46
113 151
67 113
157 137
58 158
177 8
65 169
189 74
128 42
93 169
11 136
81 137
12 183
122 4
169 148
87 130
135 149
126 142
182 147
98 72
144 101
74 93
127 155
44 58
154 122
19 105
110 140
17 177
189 164
144 12
101 93
112 21
110 29
183 106
56 38
13 83
103 162
108 186
13 11
174 74
32 10
140 117
146 16
20 22
132 115
53 91
53 148
72 140
43 61
156 104
174 186
85 76
161 13
155 106
55 124
56 93
4 52
103 77
154 82
88 26
50 59
68 14
191 63
147 62
31 88
133 129
24 5
168 165
32 76
79 120
165 103
187 40
96 110
85 81
91 139
32 34
34 102
17 13
11 164
189 155
18 190
46 79
167 172
59 147
189 14
89 64
107 15
11 158
82 21
108 60
187 146
124 144
116 133
123 92
49 174
180 80
121 132
4 37
150 15
8 55
2 80
187 91
80 96
47 103
62 3
155 103
121 53
116 143
174 44
92 141
73 78
82 107
177 115
10 43
58 163
159 170
83 98
38 90
170 68
139 12
47 69
110 13
14 164
113 30
178 65
88 129
86 68
56 48
134 35
75 100
29 84
117 187
10 190
172 83
121 145
158 113
35 50
108 140
117 163
33 67
29 97
135 31
48 131
100 114
44 66
151 135
41 12
115 172
190 33
113 98
9 175
134 112
5 50
84 129
38 153
153 147
144 121
60 85
66 43
62 105
113 159
45 100
69 115
183 148
49 120
91 37
63 51
144 3
39 153
140 149
95 3
148 56
184 19
63 121
133 175
39 149
11 60
116 127
89 81
12 7
106 172
31 157
128 123
60 16
99 175
21 82
49 66
107 47
135 130
127 23
54 166
146 167
138 170
3 176
143 25
10 131
124 156
110 189
16 43
46 156
32 95
16 124
25 120
30 40
37 74
19 88
191 56
161 150
22 140
3 110
20 42
173 54
46 128
13 103
85 51
85 31
12 88
42 70
100 136
21 130
165 143
184 88
24 57
30 74
30 134
152 19
160 137
47 94
50 190
68 45
134 58
45 166
106 20
133 113
21 154
145 173
174 161
133 12
47 168
111 80
29 83
18 121
104 185
117 178
119 174
75 7
179 86
66 46
100 66
73 121
108 29
71 31
118 1
22 95
141 170
63 78
103 22
173 52
87 66
148 50
181 3
44 181
61 181
79 96
138 178
57 18
106 86
144 47
143 55
116 5
155 110
29 140
176 156
50 97
176 57
137 120
74 145
161 111
34 172
35 144
190 89
118 41
27 90
111 175
105 135
111 156
173 12
82 136
190 168
79 98
78 76
43 138
160 162
60 132
78 173
55 9
133 110
31 3
95 160
130 79
110 93
129 9
189 16
179 146
61 148
15 36
11 96
184 25
179 90
180 131
152 97
23 168
78 43
99 80
172 180
139 36
48 137
180 148
122 9
119 65
16 137
65 151
191 34
13 144
161 165
128 162
165 13
99 133
181 167
163 106
143 50
188 147
92 43
172 188
84 26
43 55
48 2
9 124
10 127
77 48
159 76
13 130
75 45
70 54
91 55
74 188
84 184
38 186
179 57
81 54
138 74
100 173
95 175
13 36
47 73
49 59
54 93
173 149
5 170
163 173
151 6
23 19
174 81
87 164
127 62
114 30
180 190
101 19
177 78
185 78
116 45
27 179
164 116
62 82
11 69
125 51
123 136
162 84
150 7
161 54
162 27
149 60
147 72
20 79
144 143
112 95
110 32
105 159
121 30
52 175
71 105
177 156
155 145
64 29
160 134
83 49
33 42
164 24
104 55
65 105
113 142
60 187
22 116
108 100
189 56
55 13
42 146
10 149
106 160
45 137
114 5
155 144
17 127
36 82
63 168
16 139
129 178
73 178
42 27
32 162
168 102
135 105
27 134
12 40
53 142
33 154
133 191
168 101
160 6
155 98
158 8
145 20
175 83
169 82
7 136
108 150
40 15
80 5
107 185
95 142
79 143
151 3
15 178
21 9
177 9
66 114
114 71
91 66
176 148
141 61
95 163
73 136
148 71
91 50
184 148
37 111
20 187
36 135
67 141
142 30
72 23
138 143
168 24
79 82
76 17
82 50
27 118
70 39
105 157
110 191
121 119
65 94
133 20
166 127
124 130
39 172
96 124
84 79
145 61
28 66
133 21
146 162
4 156
181 163
135 106
68 161
175 38
95 138
121 61
51 19
5 178
186 92
39 114
112 140
86 103
155 31
84 156
110 162
112 125
167 118
185 102
89 116
120 164
72 20
82 142
171 173
34 13
178 165
178 53
8 170
125 115
103 188
64 105
126 69
120 117
135 139
7 61
171 76
149 73
101 126
184 104
107 40
181 87
90 141
169 182
97 176
180 18
29 39
12 113
127 108
139 179
1 54
25 50
57 77
150 133
3 120
89 122
191 180
132 163
47 159
183 46
159 185
5 23
27 151
53 104
146 132
5 137
123 25
24 152
170 119
13 163
117 21
43 166
113 71
154 159
121 18
99 137
42 8
17 37
140 7
117 168
148 158
188 171
143 84
154 74
3 190
115 140
131 63
28 62
165 108
87 131
46 120
22 50
61 162
109 21
119 62
12 13
68 5
144 153
9 109
30 9
116 121
41 17
131 107
7 140
82 86
57 27
76 145
78 49
109 110
22 28
70 60
26 104
175 71
110 5
112 134
168 35
180 57
27 141
99 23
100 18
75 118
76 13
84 150
31 40
15 87
157 67
74 33
127 87
99 159
111 57
92 30
121 179
187 68
75 191
134 8
94 163
150 50
160 44
110 158
113 84
164 46
134 57
161 128
99 38
166 86
158 66
11 177
39 66
30 26
70 102
177 155
156 3
15 30
59 167
26 174
124 122
143 23
169 185
173 6
191 58
152 133
154 85
69 177
12 117
182 76
23 126
158 104
21 56
96 67
159 120
124 1
107 113
25 21
20 176
133 145
75 4
63 151
119 131
187 105
159 129
175 10
158 118
60 92
130 54
26 46
142 177
20 102
102 111
15 46
71 184
179 169
2 121
12 66
160 99
142 150
166 170
69 28
139 164
157 21
100 135
147 7
42 120
3 94
58 113
80 109
88 127
25 151
82 76
125 55
157 77
67 92
16 132
178 113
174 187
176 154
148 98
139 70
77 10
105 98
157 14
41 160
62 68
85 168
73 63
26 36
180 104
147 138
23 92
150 110
111 36
97 101
59 33
126 105
21 15
177 82
39 30
116 161
187 42
96 18
110 148
44 161
73 42
41 10
135 123
8 124
118 76
59 31
50 56
80 153
86 149
131 146
101 74
144 175
10 182
114 167
186 155
142 168
54 169
186 184
4 78
98 75
34 137
116 15
178 54
25 171
22 20
106 132
105 29
40 175
170 102
189 37
182 162
123 90
70 88
53 120
104 76
166 44
155 118
165 168
97 92
30 99
123 178
69 120
40 4
152 57
63 38
161 153
35 132
40 13
133 120
18 95
137 42
82 42
169 105
16 42
91 150
82 147
145 110
141 20
137 191
168 52
188 91
172 124
157 144
29 103
76 120
66 126
177 125
161 41
103 69
125 167
186 16
23 160
21 59
164 125
178 86
19 127
25 6
94 157
11 114
4 164
187 103
167 102
63 59
91 40
118 177
56 115
6 9
156 89
176 11
97 22
48 104
103 163
45 70
116 24
15 179
89 35
179 138
79 16
171 16
1 77
102 104
56 109
124 127
141 162
126 128
134 179
111 149
11 165
91 67
15 176
133 64
45 50
173 162
104 182
164 94
184 92
90 1
71 178
183 24
56 124
98 28
148 90
170 101
69 66
186 7
174 143
105 32
95 103
63 73
5 7
125 27
48 91
100 45
30 123
44 152
189 43
171 150
43 109
34 176
71 8
20 62
81 149
78 143
153 47
2 157
83 91
38 187
115 79
178 44
166 153
90 184
82 98
151 189
118 49
190 100
37 126
187 83
92 81
183 40
2 166
32 2
43 87
74 128
148 175
154 62
51 152
11 105
62 95
64 170
97 161
167 114
102 170
115 65
43 75
8 176
54 124
23 154
59 19
41 184
63 111
71 122
78 55
177 48
71 137
60 107
55 135
145 174
10 74
178 60
107 106
78 2
181 148
77 6
118 75
109 92
33 170
50 187
139 107
2 110
187 107
31 11
48 164
173 94
127 34
163 138
130 157
40 168
49 32
44 9
114 74
151 59
144 191
101 145
76 125
53 26
189 169
72 108
145 160
86 181
77 67
118 102
42 40
45 123
144 183
59 89
98 84
22 112
16 163
89 21
