191 597
66 151
173 3
98 135
91 175
89 163
88 90
75 72
82 63
76 55
93 142
179 19
122 131
84 107
158 38
82 16
130 72
149 134
165 86
60 160
90 176
103 158
184 64
8 79
166 6
92 50
41 166
24 155
110 53
99 71
21 122
18 20
153 152
121 133
21 138
148 43
170 106
161 175
43 146
33 37
91 114
116 96
78 35
44 94
163 177
170 15
109 108
120 105
121 27
80 70
158 17
140 90
45 3
142 29
145 157
129 75
186 24
155 172
134 12
17 165
183 65
63 80
27 68
120 25
144 163
87 93
138 130
21 83
55 116
156 98
74 118
158 114
101 46
3 79
20 99
41 39
114 24
38 109
23 69
94 71
63 9
77 123
167 95
26 48
90 173
30 103
9 26
143 85
132 34
64 3
40 151
88 3
135 19
44 145
36 8
3 5
180 142
34 148
12 90
17 80
34 39
165 60
169 14
32 169
5 36
59 99
97 49
45 84
167 87
71 32
128 177
59 176
95 109
38 29
30 60
128 97
76 168
145 116
141 27
20 76
65 164
122 175
46 9
37 136
24 100
160 142
116 41
146 151
48 11
9 116
97 142
70 92
188 39
69 2
133 107
6 156
152 3
27 177
85 133
81 26
70 40
31 135
90 134
27 59
190 47
146 1
104 61
9 150
86 115
63 75
150 178
81 50
125 64
40 30
161 134
90 123
167 101
159 96
101 94
79 70
127 21
10 163
165 63
59 87
47 66
33 113
24 105
100 13
6 58
75 3
87 50
70 6
74 16
13 92
86 177
98 128
32 77
57 138
131 173
55 113
31 1
25 9
108 61
118 55
6 152
87 120
64 157
189 183
66 74
140 11
35 119
70 144
69 151
180 109
168 162
50 36
178 141
52 140
169 42
62 165
145 59
191 43
20 11
190 191
17 42
145 98
62 5
159 19
30 2
90 22
156 169
92 119
182 15
14 175
44 147
31 86
37 174
49 155
13 37
34 158
117 133
59 108
179 171
158 183
79 72
32 134
182 188
57 61
60 108
113 167
81 126
16 100
59 139
56 31
131 30
8 189
53 140
40 108
91 151
163 108
9 99
79 111
93 132
17 70
189 96
159 2
150 40
9 38
29 131
112 144
185 17
62 80
10 146
164 185
184 52
107 14
12 19
113 161
127 60
103 10
178 119
13 160
80 85
95 5
52 116
48 87
42 14
98 15
90 177
34 99
49 167
55 107
184 45
7 99
66 83
23 78
74 164
83 6
16 166
99 114
75 164
94 173
105 10
82 62
120 100
99 163
175 179
77 11
15 96
105 132
11 7
82 84
10 76
185 121
137 94
22 146
55 94
22 24
74 61
27 109
28 59
84 116
28 87
119 79
88 109
190 130
170 56
126 8
108 105
49 37
29 85
6 164
4 18
165 114
91 158
16 61
34 35
79 51
19 26
117 124
106 2
29 136
181 122
46 4
46 118
72 173
126 167
78 15
98 99
148 48
163 154
123 45
175 121
98 120
19 107
77 28
141 191
88 17
70 122
108 117
159 164
13 81
169 11
38 65
159 102
76 128
150 71
28 80
152 81
163 113
66 144
191 138
78 100
52 153
160 51
72 4
23 100
182 172
45 91
127 161
35 105
3 76
2 183
59 26
73 18
171 113
19 91
114 143
186 163
160 68
25 16
188 93
45 6
67 159
104 32
170 157
35 177
69 137
180 135
78 39
69 164
55 35
44 186
173 169
2 32
16 37
168 147
126 88
154 20
191 31
99 185
85 41
133 47
114 163
50 151
176 73
158 80
120 4
183 84
148 65
161 63
188 175
91 177
25 30
141 98
159 34
38 95
160 60
151 80
165 179
35 57
155 183
9 146
67 5
103 130
163 33
106 190
153 10
85 84
167 23
66 98
14 149
56 81
30 110
97 35
54 108
158 149
168 126
3 153
31 10
80 135
1 128
3 26
48 51
51 118
155 93
1 75
8 46
52 37
85 173
91 148
97 77
103 141
146 93
27 69
108 153
187 59
91 92
154 170
76 47
140 112
26 106
90 154
159 10
174 30
68 100
176 107
69 102
130 113
75 96
151 110
9 62
34 58
162 24
114 66
56 175
65 37
168 186
132 191
163 66
135 116
84 27
57 98
49 13
70 155
123 46
66 70
77 158
74 161
27 72
11 161
33 173
166 152
40 189
121 153
55 152
21 134
115 133
177 95
174 146
49 133
63 87
117 7
147 65
39 24
119 51
119 177
34 106
45 185
176 75
12 100
27 76
167 84
171 1
81 104
91 125
89 39
162 16
150 149
183 107
144 129
42 23
52 132
64 97
71 49
38 148
168 117
134 116
126 70
79 2
140 95
148 164
181 182
119 136
188 33
122 180
131 39
174 87
146 46
132 75
129 52
93 4
107 2
61 99
32 50
51 49
72 145
107 130
90 16
147 58
28 167
185 140
21 45
54 179
114 105
1 38
39 146
56 44
11 139
147 25
46 53
168 142
10 154
1 159
124 53
109 166
115 31
8 22
58 87
182 27
115 117
113 25
106 88
46 130
13 9
152 31
103 14
26 112
49 14
86 129
55 164
40 140
175 157
13 186
120 167
179 109
188 18
91 84
15 90
73 126
153 31
51 71
95 113
14 43
31 75
103 66
20 6
68 181
5 183
156 52
119 26
95 10
90 188
180 110
100 86
23 62
25 10
66 133
