191 1097
66 151
173 3
98 135
91 175
89 163
88 90
75 72
82 63
76 55
93 142
179 19
122 131
84 107
158 38
82 16
130 72
149 134
165 86
60 160
90 176
103 158
184 64
8 79
166 6
92 50
41 166
24 155
110 53
99 71
21 122
18 20
153 152
121 133
21 138
148 43
170 106
161 175
43 146
33 37
91 114
116 96
78 35
44 94
163 177
170 15
109 108
120 105
121 27
80 70
158 17
140 90
45 3
142 29
145 157
129 75
186 24
155 172
134 12
17 165
183 65
63 80
27 68
120 25
144 163
87 93
138 130
21 83
55 116
156 98
74 118
158 114
101 46
3 79
20 99
41 39
114 24
38 109
23 69
94 71
63 9
77 123
167 95
26 48
90 173
30 103
9 26
143 85
132 34
64 3
40 151
88 3
135 19
44 145
36 8
3 5
180 142
34 148
12 90
17 80
34 39
165 60
169 14
32 169
5 36
59 99
97 49
45 84
167 87
71 32
128 177
59 176
95 109
38 29
30 60
128 97
76 168
145 116
141 27
20 76
65 164
122 175
46 9
37 136
24 100
160 142
116 41
146 151
48 11
9 116
97 142
70 92
188 39
69 2
133 107
6 156
152 3
27 177
85 133
81 26
70 40
31 135
90 134
27 59
190 47
146 1
104 61
9 150
86 115
63 75
150 178
81 50
125 64
40 30
161 134
90 123
167 101
159 96
101 94
79 70
127 21
10 163
165 63
59 87
47 66
33 113
24 105
100 13
6 58
75 3
87 50
70 6
74 16
13 92
86 177
98 128
32 77
57 138
131 173
55 113
31 1
25 9
108 61
118 55
6 152
87 120
64 157
189 183
66 74
140 11
35 119
70 144
69 151
180 109
168 162
50 36
178 141
52 140
169 42
62 165
145 59
191 43
20 11
190 191
17 42
145 98
62 5
159 19
30 2
90 22
156 169
92 119
182 15
14 175
44 147
31 86
37 174
49 155
13 37
34 158
117 133
59 108
179 171
158 183
79 72
32 134
182 188
57 61
60 108
113 167
81 126
16 100
59 139
56 31
131 30
8 189
53 140
40 108
91 151
163 108
9 99
79 111
93 132
17 70
189 96
159 2
150 40
9 38
29 131
112 144
185 17
62 80
10 146
164 185
184 52
107 14
12 19
113 161
127 60
103 10
178 119
13 160
80 85
95 5
52 116
48 87
42 14
98 15
90 177
34 99
49 167
55 107
184 45
7 99
66 83
23 78
74 164
83 6
16 166
99 114
75 164
94 173
105 10
82 62
120 100
99 163
175 179
77 11
15 96
105 132
11 7
82 84
10 76
185 121
137 94
22 146
55 94
22 24
74 61
27 109
28 59
84 116
28 87
119 79
88 109
190 130
170 56
126 8
108 105
49 37
29 85
6 164
4 18
165 114
91 158
16 61
34 35
79 51
19 26
117 124
106 2
29 136
181 122
46 4
46 118
72 173
126 167
78 15
98 99
148 48
163 154
123 45
175 121
98 120
19 107
77 28
141 191
88 17
70 122
108 117
159 164
13 81
169 11
38 65
159 102
76 128
150 71
28 80
152 81
163 113
66 144
191 138
78 100
52 153
160 51
72 4
23 100
182 172
45 91
127 161
35 105
3 76
2 183
59 26
73 18
171 113
19 91
114 143
186 163
160 68
25 16
188 93
45 6
67 159
104 32
170 157
35 177
69 137
180 135
78 39
69 164
55 35
44 186
173 169
2 32
16 37
168 147
126 88
154 20
191 31
99 185
85 41
133 47
114 163
50 151
176 73
158 80
120 4
183 84
148 65
161 63
188 175
91 177
25 30
141 98
159 34
38 95
160 60
151 80
165 179
35 57
155 183
9 146
67 5
103 130
163 33
106 190
153 10
85 84
167 23
66 98
14 149
56 81
30 110
97 35
54 108
158 149
168 126
3 153
31 10
80 135
1 128
3 26
48 51
51 118
155 93
1 75
8 46
52 37
85 173
91 148
97 77
103 141
146 93
27 69
108 153
187 59
91 92
154 170
76 47
140 112
26 106
90 154
159 10
174 30
68 100
176 107
69 102
130 113
75 96
151 110
9 62
34 58
162 24
114 66
56 175
65 37
168 186
132 191
163 66
135 116
84 27
57 98
49 13
70 155
123 46
66 70
77 158
74 161
27 72
11 161
33 173
166 152
40 189
121 153
55 152
21 134
115 133
177 95
174 146
49 133
63 87
117 7
147 65
39 24
119 51
119 177
34 106
45 185
176 75
12 100
27 76
167 84
171 1
81 104
91 125
89 39
162 16
150 149
183 107
144 129
42 23
52 132
64 97
71 49
38 148
168 117
134 116
126 70
79 2
140 95
148 164
181 182
119 136
188 33
122 180
131 39
174 87
146 46
132 75
129 52
93 4
107 2
61 99
32 50
51 49
72 145
107 130
90 16
147 58
28 167
185 140
21 45
54 179
114 105
1 38
39 146
56 44
11 139
147 25
46 53
168 142
10 154
1 159
124 53
109 166
115 31
8 22
58 87
182 27
115 117
113 25
106 88
46 130
13 9
152 31
103 14
26 112
49 14
86 129
55 164
40 140
175 157
13 186
120 167
179 109
188 18
91 84
15 90
73 126
153 31
51 71
95 113
14 43
31 75
103 66
20 6
68 181
5 183
156 52
119 26
95 10
90 188
180 110
100 86
23 62
25 10
66 133
62 125
34 130
169 67
188 86
118 188
84 176
56 35
10 70
189 51
59 114
64 191
91 24
159 109
5 146
13 56
46 85
63 33
155 163
37 45
114 57
14 118
6 140
102 50
65 141
52 67
3 167
80 168
127 68
157 28
186 169
43 167
146 26
75 124
181 88
117 68
131 143
59 54
103 6
77 142
100 165
127 41
2 111
128 172
150 66
169 47
84 110
190 107
132 47
23 151
168 190
45 66
137 177
9 189
28 120
70 36
32 150
135 63
180 64
171 48
140 106
107 12
176 137
83 120
35 141
92 115
124 74
134 161
156 83
137 59
144 44
152 124
180 9
118 147
80 2
104 190
163 179
99 125
154 105
121 78
146 176
96 158
29 180
162 41
126 125
88 99
116 57
172 85
148 149
70 99
102 41
134 143
93 190
136 129
25 154
176 112
58 8
13 141
169 157
182 36
93 135
65 156
171 183
141 8
64 17
182 112
61 64
6 107
23 141
4 84
147 74
39 124
141 157
81 19
12 68
77 58
63 77
108 92
189 180
162 11
126 129
161 22
37 98
7 43
121 7
148 165
59 123
146 30
69 145
113 57
57 69
23 20
160 173
139 138
135 161
47 116
11 108
45 7
32 84
122 142
64 160
122 36
104 178
191 151
79 141
146 170
39 186
60 101
17 151
15 154
107 104
46 113
74 87
177 25
157 134
29 111
156 118
169 152
105 54
7 92
8 138
23 26
21 37
70 153
171 128
185 145
159 141
71 100
163 2
105 188
19 2
62 14
75 54
153 122
90 87
154 112
135 35
66 113
23 66
38 58
86 12
54 49
48 163
158 99
128 183
79 37
13 19
20 179
81 72
111 87
122 125
95 85
78 88
170 153
21 97
86 189
95 129
130 84
161 131
25 131
143 24
127 165
161 83
157 76
86 152
37 112
159 149
79 57
166 62
18 178
149 107
75 83
77 96
37 117
27 64
41 100
81 59
184 176
18 128
114 86
179 128
124 69
10 132
102 8
64 178
176 13
145 133
27 61
118 115
27 60
99 54
26 51
53 126
70 98
20 131
37 180
106 16
31 122
83 72
119 50
141 145
184 106
140 58
164 38
146 120
79 95
2 82
27 87
121 60
183 99
169 139
116 165
173 57
144 50
177 68
166 129
44 32
1 182
23 40
123 52
23 15
187 48
12 156
57 182
67 186
67 170
66 104
6 23
173 171
75 26
111 65
157 43
80 77
180 26
161 170
59 155
123 105
11 187
167 70
155 100
174 118
38 14
13 82
144 66
85 25
87 139
128 151
70 138
97 13
7 90
117 138
58 134
186 187
66 22
35 176
34 103
5 20
141 173
24 116
34 4
85 125
161 152
153 119
151 173
95 59
58 74
30 35
144 21
15 57
29 35
93 33
22 48
98 76
111 88
83 182
137 83
152 76
160 5
96 187
111 95
86 112
95 179
168 13
50 155
51 103
185 90
81 42
154 180
81 146
18 183
27 162
184 117
76 15
188 57
87 169
22 189
19 103
50 31
149 103
129 10
161 119
135 114
98 44
92 22
121 186
166 154
172 159
136 131
171 123
181 124
120 12
110 18
67 47
36 18
92 121
86 183
70 188
55 104
19 150
150 118
182 64
62 96
153 127
152 125
143 34
103 145
155 102
151 9
187 110
185 166
125 117
164 161
89 30
172 126
43 23
114 138
183 113
62 178
176 149
62 138
44 82
14 93
115 170
39 85
73 94
45 186
59 186
113 80
75 60
15 10
89 154
163 147
137 130
126 29
40 109
67 16
42 174
37 14
59 42
167 68
166 187
182 173
160 128
146 169
87 11
100 186
174 181
84 178
187 72
36 24
79 90
116 75
174 76
21 179
159 111
176 99
147 38
168 61
44 61
143 170
173 92
143 127
38 155
98 158
173 56
187 78
57 99
2 97
160 88
82 75
66 117
60 172
121 21
64 13
13 6
41 27
99 32
136 1
31 16
177 154
114 99
134 126
101 122
175 57
86 110
153 108
108 17
95 147
110 51
120 111
139 48
155 109
103 139
182 56
66 131
60 93
182 19
130 43
41 185
117 169
170 135
151 88
152 91
62 32
55 15
20 94
150 33
121 148
145 99
176 101
122 106
185 19
94 119
13 85
156 6
173 38
107 81
179 93
59 36
117 122
166 165
110 161
120 124
190 80
50 132
103 167
35 127
64 32
8 41
84 175
100 168
163 92
8 161
178 79
175 149
28 2
155 151
143 158
102 28
88 187
180 7
