10 9 74 9
28 53 95 97 77 14 31 97 10 44 
9 10 10 10 10 9 9 9 10 9 
95 50 52 20 52 24 76 95 65 
93 23 26 67 100 59 12 57 30 
34 100 12 35 61 28 78 41 19 
83 11 10 39 88 87 94 33 20 
81 51 93 32 81 99 42 69 36 
58 85 95 59 82 36 18 68 37 
11 16 48 10 90 56 14 64 33 
88 27 29 79 64 48 49 79 33 
59 21 38 100 62 76 11 92 18 
61 50 55 85 86 38 22 93 43 
15 48 63 33 44 23 40 92 78 
47 24 58 15 93 46 73 48 94 
89 81 99 69 74 83 66 40 55 
75 34 36 10 27 77 52 44 42 
49 98 91 42 26 18 64 10 56 
57 26 49 82 31 17 73 24 97 
36 96 42 24 59 27 68 33 85 
10 32 27 15 69 35 68 79 43 
87 64 75 49 14 43 51 48 82 
28 11 88 79 89 30 61 97 20 
