9 9 67 8
29 73 26 49 35 17 20 95 8 
10 10 9 10 8 8 10 10 10 
12 23 63 85 48 67 86 62 36 
87 90 46 20 32 31 25 79 97 
59 91 17 20 100 96 34 11 92 
90 49 70 24 17 91 20 23 35 
45 52 82 93 43 28 62 29 45 
15 45 26 89 46 47 8 24 60 
92 94 25 13 54 41 53 42 86 
96 28 94 79 81 24 28 40 45 
94 42 89 16 97 34 69 75 55 
41 55 57 88 90 91 80 90 24 
38 87 32 61 88 34 54 21 58 
20 31 36 74 8 77 12 47 18 
87 65 79 29 54 95 17 100 88 
69 49 88 35 84 85 44 92 36 
90 32 63 19 58 73 94 72 83 
11 22 29 59 44 57 98 28 35 
53 62 9 84 48 35 22 27 35 
21 79 11 64 95 21 23 96 63 
