384
4 3
5
1 -154
5
2 49 186
5
3 
5
3 
5
1 18
5
2 8 -391
5
2 27 -414
5
1 -334
5
1 159
5
3 
5
4 47
5
3 
5
2 23 270
5
1 192
5
3 
5
1 213
5
3 
5
4 27
5
2 43 924
5
1 61
5
4 32
5
2 43 725
5
1 -142
5
3 
5
1 900
5
1 -413
5
3 
5
3 
5
4 33
5
4 10
5
1 667
5
3 
5
1 694
5
1 19
5
1 -694
5
3 
5
4 16
5
3 
5
2 1 -484
5
1 -119
5
1 -87
5
3 
5
3 
5
2 20 -315
5
4 43
5
3 
5
1 -109
5
3 
5
2 37 -577
5
2 27 -629
5
4 20
5
3 
5
3 
5
4 46
5
2 11 195
5
1 -260
5
1 -30
5
4 21
5
4 47
5
2 20 -790
5
1 -763
5
4 12
5
2 0 -713
5
3 
5
2 7 -477
5
3 
5
4 3
5
1 -357
5
2 8 113
5
2 0 -460
5
2 34 -405
5
4 4
5
4 6
5
1 350
5
2 6 -216
5
2 26 357
5
4 19
5
2 46 22
5
1 -717
5
2 41 423
5
2 15 -559
5
1 855
5
3 
5
1 -734
5
1 457
5
1 963
5
4 11
5
4 17
5
1 -675
5
4 42
5
3 
5
4 41
5
4 9
5
2 21 -870
5
3 
5
2 33 -850
5
4 1
5
2 34 -637
5
1 -993
5
2 12 548
5
1 413
5
4 5
5
3 
5
3 
5
4 27
5
1 -678
5
4 46
5
2 40 313
5
1 -818
5
2 32 112
5
2 31 -40
5
2 40 497
5
3 
5
2 3 314
5
1 -44
5
4 9
5
1 -605
5
2 3 829
5
1 292
5
2 6 561
5
4 41
5
2 40 -813
5
2 27 215
5
2 42 824
5
1 -759
5
1 -27
5
4 36
5
3 
5
3 
5
4 47
5
1 503
5
4 6
5
4 10
5
4 39
5
1 -164
5
4 13
5
4 4
5
3 
5
1 750
5
4 39
5
4 22
5
3 
5
4 34
5
1 -971
5
2 25 -545
5
3 
5
3 
5
2 12 519
5
2 44 -865
5
2 8 -318
5
2 23 -132
5
1 -87
5
4 1
5
4 23
5
4 0
5
2 15 -565
5
4 47
5
1 943
5
2 13 49
5
1 -342
5
1 -221
5
3 
5
1 -146
5
2 43 -430
5
1 -67
5
4 35
5
3 
5
2 38 853
5
1 748
5
4 7
5
3 
5
1 -955
5
3 
5
4 25
5
4 1
5
2 46 584
5
1 342
5
2 42 -196
5
1 -426
5
2 29 404
5
3 
5
1 375
5
2 36 736
5
3 
5
3 
5
1 -652
5
3 
5
3 
5
4 15
5
4 30
5
2 25 11
5
