372
3 
5
3 
5
3 
5
3 
5
2 3 -416
5
1 262
5
3 
5
4 34
5
4 6
5
1 124
5
2 9 -28
5
1 -318
5
3 
5
4 11
5
1 -903
5
4 9
5
3 
5
2 39 -948
5
2 24 -220
5
4 31
5
2 28 -259
5
4 21
5
4 45
5
2 4 392
5
2 48 -589
5
3 
5
2 10 -461
5
1 961
5
2 15 269
5
2 8 700
5
1 117
5
4 15
5
3 
5
4 12
5
1 -82
5
2 10 -484
5
1 815
5
2 15 -679
5
3 
5
2 38 -977
5
1 689
5
1 -941
5
4 13
5
1 -184
5
1 71
5
3 
5
4 33
5
4 3
5
4 18
5
2 26 -629
5
3 
5
2 43 -686
5
1 249
5
1 -679
5
2 5 -826
5
1 -726
5
4 31
5
1 -340
5
2 12 -721
5
2 15 902
5
1 941
5
3 
5
4 31
5
3 
5
1 -318
5
4 7
5
2 12 -136
5
3 
5
2 34 -556
5
2 46 -152
5
2 8 248
5
1 -131
5
4 8
5
3 
5
1 -995
5
2 29 238
5
3 
5
3 
5
4 48
5
3 
5
1 462
5
3 
5
3 
5
3 
5
1 37
5
4 8
5
3 
5
4 48
5
3 
5
1 -600
5
4 2
5
1 -882
5
4 25
5
3 
5
4 36
5
2 18 -897
5
4 16
5
3 
5
2 25 658
5
1 -940
5
4 12
5
4 25
5
1 -361
5
3 
5
3 
5
3 
5
3 
5
1 -569
5
4 25
5
4 21
5
4 15
5
1 -234
5
2 14 -557
5
2 24 549
5
3 
5
4 0
5
2 25 910
5
1 -337
5
2 36 -714
5
4 49
5
4 5
5
2 4 337
5
1 -970
5
1 281
5
1 -373
5
3 
5
1 -826
5
1 -249
5
3 
5
4 43
5
4 41
5
2 19 565
5
2 16 450
5
2 14 166
5
3 
5
2 0 695
5
2 11 -172
5
3 
5
4 18
5
3 
5
3 
5
3 
5
3 
5
4 10
5
1 182
5
4 14
5
3 
5
1 902
5
1 -474
5
2 22 547
5
2 5 -195
5
3 
5
4 4
5
2 12 672
5
1 -912
5
4 8
5
4 8
5
4 9
5
3 
5
1 486
5
3 
5
2 6 -166
5
4 42
5
4 32
5
1 974
5
2 33 222
5
1 -583
5
4 32
5
3 
5
1 220
5
3 
5
1 490
5
1 486
5
2 43 534
5
1 68
5
1 -783
5
4 26
5
4 47
5
1 703
5
1 -545
5
2 38 237
5
2 1 -850
5
4 0
5
2 42 454
5
2 15 267
5
2 34 -472
5
