260
2 42 177
5
3 
5
3 
5
1 -381
5
4 37
5
4 29
5
4 19
5
4 42
5
3 
5
3 
5
3 
5
3 
5
4 20
5
1 -651
5
2 10 -783
5
3 
5
3 
5
1 -128
5
2 18 503
5
2 38 881
5
3 
5
3 
5
3 
5
3 
5
2 13 756
5
3 
5
2 35 365
5
3 
5
3 
5
2 10 -330
5
1 492
5
1 766
5
3 
5
4 37
5
1 -982
5
1 -369
5
3 
5
1 252
5
1 -535
5
1 497
5
2 15 841
5
1 -812
5
4 1
5
3 
5
2 41 -200
5
3 
5
2 19 -780
5
4 44
5
1 487
5
2 33 -538
5
2 2 -11
5
3 
5
1 497
5
2 40 805
5
1 210
5
3 
5
4 21
5
2 23 -193
5
2 26 -276
5
3 
5
3 
5
4 18
5
2 9 -449
5
1 -380
5
4 8
5
2 3 370
5
1 -74
5
4 19
5
2 6 890
5
4 16
5
1 452
5
3 
5
2 12 -396
5
4 4
5
4 36
5
1 -198
5
4 34
5
1 -517
5
3 
5
2 32 249
5
3 
5
2 21 -95
5
1 -678
5
4 8
5
2 0 7
5
2 45 -678
5
2 49 784
5
2 8 172
5
2 14 168
5
4 23
5
3 
5
1 -651
5
1 446
5
2 29 -916
5
4 19
5
1 146
5
4 15
5
2 7 -640
5
1 551
5
3 
5
3 
5
4 33
5
3 
5
1 97
5
2 13 -261
5
3 
5
3 
5
1 611
5
2 20 975
5
3 
5
2 33 -865
5
3 
5
4 32
5
1 -367
5
3 
5
3 
5
2 31 187
5
4 21
5
3 
5
4 47
5
1 -646
5
4 39
5
3 
5
3 
5
3 
5
4 28
5
3 
5
1 253
5
1 503
5
4 32
5
