310
2 6 752
5
1 281
5
4 47
5
1 318
5
1 774
5
3 
5
3 
5
2 22 635
5
1 -153
5
4 30
5
3 
5
3 
5
3 
5
2 11 199
5
4 16
5
2 11 245
5
3 
5
3 
5
2 31 287
5
3 
5
4 15
5
1 529
5
1 476
5
4 40
5
4 5
5
1 32
5
1 165
5
3 
5
2 6 -578
5
3 
5
4 16
5
1 -697
5
3 
5
2 38 -109
5
2 28 617
5
3 
5
1 -168
5
1 -97
5
3 
5
4 35
5
3 
5
4 20
5
3 
5
4 13
5
4 35
5
3 
5
1 331
5
4 44
5
3 
5
4 10
5
4 24
5
4 2
5
4 18
5
2 35 337
5
1 -677
5
1 22
5
1 542
5
3 
5
1 355
5
4 31
5
2 34 987
5
2 17 -501
5
4 15
5
2 4 84
5
2 21 964
5
1 -106
5
4 43
5
1 -80
5
4 13
5
1 -251
5
4 18
5
1 531
5
4 13
5
4 3
5
1 95
5
3 
5
1 -835
5
1 455
5
4 8
5
4 6
5
3 
5
1 -905
5
4 12
5
2 12 -80
5
2 2 -508
5
1 -76
5
2 40 -546
5
2 47 880
5
1 400
5
4 16
5
2 38 -481
5
4 46
5
2 9 -12
5
4 12
5
4 42
5
2 22 -512
5
3 
5
1 -717
5
3 
5
3 
5
4 9
5
2 45 -303
5
4 49
5
2 41 661
5
1 753
5
2 37 42
5
4 20
5
3 
5
3 
5
1 63
5
1 864
5
3 
5
2 47 594
5
3 
5
1 -323
5
4 40
5
1 710
5
2 21 470
5
2 5 978
5
3 
5
3 
5
4 37
5
1 -33
5
4 29
5
2 40 962
5
2 5 807
5
2 34 671
5
3 
5
2 47 -218
5
1 372
5
1 264
5
4 40
5
1 601
5
2 42 771
5
2 13 721
5
2 45 610
5
2 22 812
5
4 5
5
2 38 -279
5
1 -654
5
4 45
5
3 
5
1 290
5
3 
5
1 623
5
3 
5
1 -981
5
2 23 -594
5
3 
5
4 45
5
2 16 750
5
3 
5
4 35
5
2 9 -630
5
1 -737
5
