240
1 293
5
3 
5
2 6 -606
5
4 32
5
4 41
5
1 684
5
4 33
5
4 36
5
2 18 -737
5
4 27
5
2 41 556
5
1 901
5
1 -136
5
4 7
5
1 74
5
3 
5
1 41
5
2 40 -974
5
4 39
5
4 40
5
4 43
5
2 13 681
5
2 26 479
5
4 18
5
3 
5
4 39
5
4 21
5
2 26 -722
5
1 581
5
3 
5
4 23
5
4 34
5
4 49
5
3 
5
4 2
5
2 37 346
5
2 13 -400
5
3 
5
3 
5
4 26
5
3 
5
2 32 260
5
2 24 -663
5
4 16
5
1 -38
5
4 45
5
4 25
5
4 39
5
3 
5
4 47
5
3 
5
2 49 -23
5
4 48
5
4 20
5
1 458
5
1 405
5
3 
5
4 25
5
1 531
5
1 591
5
1 -915
5
4 22
5
4 33
5
2 25 642
5
1 -954
5
2 7 333
5
3 
5
4 0
5
2 22 271
5
3 
5
3 
5
2 8 -47
5
3 
5
4 2
5
4 40
5
3 
5
1 422
5
4 8
5
2 42 194
5
1 -178
5
2 41 847
5
2 30 -913
5
3 
5
2 35 -73
5
3 
5
4 2
5
2 4 -529
5
3 
5
2 30 -244
5
2 18 65
5
1 -773
5
4 47
5
4 19
5
3 
5
3 
5
4 2
5
4 3
5
4 22
5
1 -563
5
3 
5
3 
5
1 -911
5
4 30
5
2 16 -876
5
1 -615
5
3 
5
4 35
5
2 33 -662
5
3 
5
1 -770
5
2 41 -686
5
2 17 -892
5
4 49
5
2 39 932
5
2 3 -130
5
4 39
5
1 -630
5
1 407
5
1 -681
5
3 
5
