0
0
-154
8960
186
8774
186
8588
8606
5478
-5700
-6034
-5875
159
-6034
-12762
6728
186
6542
12752
12944
192
12752
12965
213
12752
6954
5798
45530
45591
28705
16886
48061
47919
-142
48061
48961
48548
-413
48961
900
48061
23925
24136
7250
16886
17553
667
16886
17580
17599
16905
-694
17599
12173
5426
186
5240
4756
4637
4550
-87
4637
-119
4756
-1544
-2692
1148
186
962
853
-109
962
-20387
-37370
-12580
-24790
-629
-24161
-629
-23532
-23750
218
2363
2103
2073
2073
0
0
0
-15800
-16563
-9453
-7110
-7110
-790
-6320
-9659
-477
-9182
-1431
-7751
-8108
-7204
-7204
-20974
-1620
-19354
-2430
-16924
-16574
-17870
-8588
6783
-15371
-14359
-15076
2267
-6118
-5263
855
-6118
-6852
-6395
-5432
-3786
-1646
317
-1963
-2638
11919
-14557
22
-14579
2577
-17156
-232
-16924
-35194
-870
-34324
-62374
-850
-61524
-83182
-84175
-77599
-77186
2605
-79791
548
-80339
548
-80887
-10445
-70442
-71120
-35946
-35174
-22654
-23472
-19888
-21128
-1248
497
-1745
-803
-847
3383
-4230
-4835
-2348
-2056
1310
20450
-19140
-51660
-45855
-11247
-12006
-12033
27230
-39263
824
-40087
824
-40911
-633
-40278
-39775
-3562
-36213
-8130
-28083
-7915
-20168
-20332
116
-20448
448
-20896
112
-21008
-20258
7091
-27349
6886
-34235
313
-34548
-22079
-12469
-13440
-27065
-545
-26520
-545
-25975
-19747
-57807
-60351
-63387
-63474
-87
-63387
-3036
-60351
0
-60351
-68826
-31779
-37047
-36104
-35467
-35809
-36030
-221
-35809
-35955
-54445
-54512
-14687
-39825
-430
-39395
-6981
-6233
5866
-12099
853
-12952
-13907
-955
-12952
21325
-34277
853
-35130
-8266
-7924
-16156
-16582
-4866
404
-5270
-4895
21601
736
20865
736
20129
19477
-652
20129
736
19393
11040
8353
18067
-9714
-9439
