7434
177
7257
177
7080
6699
5991
708
708
0
0
0
0
0
0
0
0
0
0
0
0
0
0
0
-651
-8481
-783
-7698
-783
-6915
-7043
2011
35489
881
34608
881
33727
881
32846
881
31965
41793
756
41037
53812
365
53447
365
53082
49782
50274
51040
766
50274
6682
43592
42610
42241
-369
42610
42862
42327
42824
55439
54627
-812
55439
841
54598
46398
-200
46598
31778
-19820
51598
52085
34331
34309
-11
34320
34817
67017
67227
210
67017
16905
50112
45673
38497
-276
38773
-276
39049
-4968
44017
39976
39596
-3523
43119
44229
44155
-2869
47024
52364
3410
48954
49406
452
48954
44202
-1584
45786
10917
34869
34671
-16927
51598
51081
-517
51598
59566
249
59317
57322
56644
-1343
57987
57987
27477
65893
67269
69621
4512
65109
784
64325
63674
64120
37556
-17404
54960
55106
-7651
62757
58277
58828
551
58277
-640
58917
17328
41589
784
40805
40902
37509
-261
37770
-261
38031
38642
58142
975
57167
28622
-865
29487
-27680
57167
56800
-367
57167
975
56192
61989
3927
58062
187
57875
22558
35317
34671
-11790
46461
-678
47139
-678
47817
-678
48495
-10822
59317
249
59068
59321
59824
8226
51598
