0
0
0
0
0
0
0
0
-1248
-986
262
-1248
-1248
0
0
0
124
-128
-446
-318
-128
-128
0
-903
-903
0
0
0
-36972
-42252
-11916
-30336
-37588
-5439
-32149
-32149
0
1568
-26704
-589
-26115
-30725
-29764
-25729
-20129
-20012
7331
-27343
269
-27612
1730
-29342
-29424
-34264
-33449
-43634
-679
-42955
-80081
-79392
-80333
-10999
-69334
-69518
-69447
71
-69518
-29958
-39560
-2037
-37523
-8181
-29342
-45696
-629
-45067
-74565
-74316
-74995
-79125
-79851
-21064
-58787
-59127
-67779
-54249
-53308
941
-54249
2480
-56729
-686
-56043
-56361
-4434
-51927
-53559
-136
-53423
-72327
-79319
-77335
-77466
1605
-79071
248
-79319
-80314
-73412
238
-73650
238
-73888
2391
-76279
-152
-76127
-75665
462
-76127
-152
-75975
-152
-75823
-75786
-1027
-74759
-152
-74607
-20628
-53979
-556
-53423
-54023
-736
-53287
-54169
-11618
-42551
-629
-41922
-21108
-20814
-36960
-14352
-22608
-897
-21711
-5261
-6201
6298
-12499
2425
-14924
-15285
-361
-14924
-589
-14335
-589
-13746
-589
-13157
-13726
-14705
979
979
0
0
0
-234
-8032
5144
549
4595
0
4595
27345
27008
1304
-15121
16425
4550
11875
13223
12253
12534
12161
-373
12534
11708
11459
-249
11708
16955
-5247
-5247
0
10735
17935
20259
166
20093
20093
18201
-172
18373
-392
18765
166
18599
166
18433
166
18267
166
18101
4216
13885
14067
6722
7345
565
6780
7682
7208
19242
18267
-195
18462
-780
19242
27306
26394
3792
22602
5001
17601
4923
12678
547
12131
12617
486
12131
11135
11135
0
0
0
974
8300
7717
6299
1418
222
1196
1416
220
1196
1686
2172
25134
25202
24419
12101
12318
12318
0
703
158
9164
8314
0
8314
27382
31387
15339
