4512
4793
4793
0
318
1092
774
318
318
0
13970
13817
13817
0
0
0
0
0
0
0
2189
2189
0
2695
245
2450
245
2205
11102
287
10815
4305
6510
7039
7515
7515
0
0
0
32
197
165
32
-3436
-578
-2858
-2858
0
-697
-697
0
-4142
13134
617
12517
12349
12252
-97
12349
15728
-3379
-109
-3270
-2180
-1090
-109
-981
-981
0
0
0
0
0
331
331
0
0
0
0
0
0
0
0
0
0
0
11795
11118
11140
11682
542
11140
11495
9136
2359
35917
27400
-7515
34915
35251
55495
55389
34277
21112
21032
11764
9268
9017
9017
0
531
531
0
0
0
95
95
0
-835
-380
-380
0
0
0
0
0
-905
-905
0
-960
-1976
-2052
-23892
17468
17868
13600
4268
-14010
-11238
-2772
-2880
2532
-5412
7014
-12426
-23690
-512
-23178
-23895
-717
-23178
-512
-22666
-4608
-18058
-31693
-15683
-16010
11091
11844
13398
840
12558
42
12516
42
12474
12537
13401
864
12537
40455
594
39861
39538
22843
16695
17405
27275
32165
978
31187
978
30209
17903
12306
12273
11758
515
38995
43030
65844
671
65173
54927
55299
55563
-7648
63211
63812
96194
105567
133017
150881
4060
146821
136219
135565
-6384
141949
812
141137
141427
290
141137
141760
623
141137
140156
126494
-594
127088
1391
125697
137697
750
136947
23450
113497
107827
107090
