293
293
0
-3636
-3636
0
0
0
684
684
0
0
0
-13266
-13266
0
22796
23697
23561
3545
20016
20090
74
20016
20057
-18903
-37986
19083
19083
0
0
0
8853
21307
8622
12685
479
12206
12206
0
0
0
-18772
-18191
581
-18772
-16606
-2166
-2166
0
0
0
0
0
0
0
12802
7602
-400
8002
-400
8402
790
7612
346
7266
15586
-326
-10608
10282
10244
4362
5882
5882
0
0
0
0
0
0
0
0
0
-1127
-1104
-23
-23
0
458
863
405
458
458
0
531
1122
207
207
0
0
0
16050
15096
17427
333
17094
0
17094
23056
271
22785
271
22514
22138
-47
22185
-94
22279
11365
10914
642
10272
10694
4916
5778
13926
13748
48475
21085
-913
21998
19443
-73
19516
-146
19662
17546
-529
18075
10755
11925
11152
-6435
17587
-3097
20684
-73
20757
-73
20830
-146
20976
-219
21195
-10846
32041
31478
-563
32041
-913
32954
32043
-6268
38311
24295
23680
-615
24295
2077
22218
372
-662
1034
264
-27862
-43026
-37116
-5910
30438
30048
33162
-3114
-3744
-3337
-4018
-681
-3337
