24629 7308
941077792
216 13687
10524 11346
22820 3808
21985 20208
7472 17735
22441 6828
19033 8689
417 23595
18186 19410
5242 20003
4960 22070
23129 10837
3115 19213
3307 21021
2310 13562
3590 8040
11725 7046
19427 18498
19129 1870
16003 8097
18989 23643
5058 9718
8313 7835
11048 8152
10268 3432
8399 15230
15981 11936
8393 22996
2059 20224
22932 22560
19481 5250
14464 5091
19750 10869
10529 22042
6906 15272
9293 7979
12185 6447
16886 13768
10087 6677
2863 2545
6639 4197
2425 14046
6651 4590
3726 17716
22955 7853
8422 18176
9110 14724
22000 13793
21645 2733
13167 13210
14971 3631
2966 12831
3068 15986
14507 2483
19989 15202
12728 7512
10579 24120
1882 18577
7770 9627
3639 20347
4692 199
18909 506
2400 16077
22678 15841
24063 19464
2776 504
14238 10611
17590 1339
21155 17810
18326 14125
18585 1473
17644 17044
2109 14815
18067 22612
20795 14290
13887 24485
2957 10671
1013 20533
13108 23925
21724 21647
8912 2990
14778 23179
694 16843
10911 2117
11205 9982
16952 10859
8108 14306
12709 7809
5780 14618
2022 17982
1287 17072
16422 7604
23757 18272
24576 24147
19932 19858
24209 2461
13029 13548
2359 5610
6146 377
12262 14364
18219 5769
24325 6208
7268 4266
17502 1587
14008 23268
3939 11637
7788 22783
22492 15271
16224 19155
18919 3498
9754 23987
12823 7582
8850 22804
15744 18066
18972 20725
17978 4013
589 19589
6357 16524
19531 8999
11468 14967
5787 13792
20262 9539
22094 12914
23604 19373
17026 5542
7453 24037
7533 5211
16750 13576
1521 5450
1421 14425
16228 15574
12021 6648
14697 18020
2821 10253
15672 514
21333 6332
3074 19084
19363 1383
16340 5856
12175 6528
8501 5836
9933 15545
23686 12748
1343 20484
7896 794
3056 24305
22948 23909
15588 10493
14028 8489
5490 12529
24200 2531
22521 22878
20854 16100
3580 13179
11756 7203
14865 14599
17132 8609
19499 2040
6791 15380
19641 12947
19065 18210
12335 6572
11954 3692
21158 8515
23128 17457
12098 8621
2321 3828
22950 15358
15725 20925
20228 14394
11274 1997
2748 18465
15744 7769
12505 8348
4692 2106
18108 4659
8460 226
9376 3575
3792 21109
19359 7257
18652 21386
11659 9910
19454 14081
18219 24378
14157 4210
4553 17411
5946 20063
23459 23334
1155 24599
14416 3380
14502 4313
14476 21174
4858 4177
4111 4665
7251 12469
13191 19421
22727 11360
11872 19560
14979 1124
219 15974
10749 4433
7867 13631
19550 3607
22965 888
1937 18090
14746 11713
18694 14567
426 355
2385 8999
9477 15108
14983 16267
13830 3827
9033 23004
22208 9640
3578 12675
9983 16377
5316 1006
4473 4917
22812 2122
12032 5659
6033 2934
16064 7351
2348 23234
21677 1768
9928 37
18657 17175
23046 7174
10879 610
1400 386
867 17739
20507 18839
3725 9258
21726 8902
3910 20850
18005 14949
17030 15086
20136 21622
16644 9797
8776 8411
17035 14673
3049 3945
5983 15404
22813 6711
11289 14059
11571 6098
11901 7671
20156 17118
11255 1317
5861 14468
2690 24499
7745 17025
1166 68
254 18952
8252 10391
14913 7231
3331 3478
12156 7691
12073 12493
13941 22323
20572 24328
13685 15656
5781 8010
1719 18830
8588 21696
6196 15386
13994 3332
14879 15751
9303 4363
15728 5588
16628 15961
20009 18554
21411 5379
8449 24469
11542 21976
23184 22033
13427 8965
4860 22058
20492 1265
15989 10876
14364 6603
7224 19288
18998 21001
10374 3300
2531 23368
3956 19368
14842 20032
19081 19882
2825 8006
9560 16589
12170 15013
17484 23923
3575 13519
3900 4854
7600 24376
5620 13667
5328 16598
87 23109
12758 13629
7766 20597
3254 24062
7498 12114
10672 14699
10800 2430
10922 20640
10109 14361
968 8122
21322 12286
6614 16289
4166 10429
13910 11103
14609 121
22619 513
14709 22246
10596 9827
4231 4640
7043 20577
16040 1342
24533 12696
23860 23257
23067 13712
7117 5054
9507 23858
18591 4612
10186 11489
19880 23642
11234 900
17288 22285
10915 5003
15905 19
22514 17345
10221 689
5297 13161
21628 19819
19845 20079
6739 10885
7176 1468
22584 24160
6981 17469
19137 22369
207 23453
23536 19015
21030 16515
21535 17788
10002 2768
3304 14234
6448 5413
4801 17983
2890 6536
2912 11575
19565 2377
21446 268
14913 9042
13599 20092
19838 13093
19624 16086
11394 17820
19866 5738
12143 7846
6005 15530
12641 9022
20044 13370
23685 22506
16232 5634
12546 10763
8569 4404
16300 23221
20742 8763
20454 10493
3336 11361
12909 17001
23235 23658
3322 7137
22712 11550
458 10296
8149 11683
16244 11254
5593 5646
3065 11164
211 13115
5572 8023
223 11453
15414 20107
20971 10618
7867 8367
11235 20639
17665 20832
15377 23435
23491 15446
19100 19269
22265 3579
13178 12687
16663 16149
19320 17597
21140 7554
856 961
2505 3002
6898 8457
10347 9571
5589 12326
14808 21351
12248 9644
3288 4668
4834 16329
20100 6019
10869 10478
6562 18902
21694 8105
6720 16047
23998 23542
22885 18899
19165 948
341 18101
197 15716
19909 20721
9273 3068
15598 7582
2561 11492
19056 24210
22981 21287
12303 11707
14448 9272
1020 8494
4945 8614
6501 4091
24283 3746
18239 11423
14797 13900
20852 19657
5495 9183
9971 21469
4780 12456
12655 1712
862 14818
14508 10266
14990 19030
10700 635
21643 20871
13178 14159
15757 13630
2954 13345
10486 23192
13676 11738
724 15005
8809 17470
19084 2076
8388 8643
8646 16012
18255 24139
16186 21219
1083 10124
8927 11576
21065 20147
7190 24235
9150 11593
16907 14130
15972 10701
9987 11090
14155 16393
11765 14708
23143 21508
21223 16001
15430 22655
22971 9274
22473 13334
14357 12461
741 13546
12049 7854
16450 373
9494 19331
11398 1302
2020 6300
4111 2722
3166 19274
23560 6871
6739 21436
10112 5561
21638 10197
7418 608
4760 23044
9004 9617
13532 18563
20564 8920
5819 21412
8369 11472
14297 21444
2917 23835
9506 1698
9744 17945
5250 12163
20911 19360
19930 16500
11224 11392
13845 16503
21321 21847
18748 19110
16864 17320
12021 1152
5707 1180
10301 5088
6109 24471
19774 16862
9586 6623
19642 13236
15740 14204
1288 5110
13808 16604
19038 8080
19000 1282
51 2016
13191 1912
18849 926
19325 5101
18450 17732
9260 2123
2655 20693
13768 15614
18386 10563
3097 21720
16680 9374
24077 17089
730 22507
3997 12734
24425 23744
2361 21981
19619 4276
11224 9786
17835 2205
226 8320
4563 23783
24489 10107
7276 12698
1597 3853
8441 13444
3208 10681
22292 14846
20949 5056
15846 13914
3020 10991
22524 13453
1687 3580
10034 3225
12275 7871
14933 8410
17844 10173
17746 19919
12934 778
14067 18497
3140 22813
15095 19303
7389 8997
18502 13227
24087 24465
14183 4214
24584 24429
19924 10173
10782 20978
15705 1327
10896 6113
10989 18777
8807 18939
5039 18899
5601 313
18208 19104
22003 6863
18203 19160
17492 3358
6200 9621
6570 21466
9428 8666
12481 2864
178 20147
5873 15657
17787 24423
4053 727
18670 14692
17016 13114
3193 2392
17910 7223
20753 19088
13058 6258
12069 11885
14375 8646
17292 12923
19146 6640
7433 11524
17277 18183
19134 4362
11400 22741
10681 23702
10424 17792
10269 17334
23921 4815
15016 17646
2858 13978
18972 18030
9049 9123
12808 11592
516 4352
12087 2409
23939 275
19980 121
21787 20606
18736 12506
17062 5306
14745 21276
2167 18146
2054 18776
13650 18555
21199 11346
24158 5059
4527 13545
20826 16831
4211 15369
20854 1506
8719 18431
16547 22749
19432 2425
2820 14750
11375 20875
20718 16053
1956 23994
23808 13209
7169 9772
20446 15430
15186 12225
19500 10583
7364 22879
9708 11291
9873 2129
3922 5424
16613 11061
2991 23759
4970 18156
19400 12626
14449 21315
3848 14093
13736 18932
7260 7728
10976 1544
22440 974
8343 19987
10388 20282
23988 11836
5457 5339
22305 18999
23856 20828
3255 14395
1672 18806
21642 6197
15698 14257
3303 21289
22772 7990
11577 19596
7451 6594
11155 10887
19573 16118
13160 2220
14945 16396
6823 20686
8662 22099
52 19907
13977 6674
7381 8757
14743 2336
17708 11597
16378 2160
7433 14596
11461 21911
19940 21455
21866 11265
6264 1504
13800 6373
11947 11385
21803 8457
3581 262
8457 1948
7185 59
9169 16392
19126 246
1546 7173
18107 3530
4928 8524
18028 10537
15856 5721
3872 8628
2559 15139
9711 12399
15648 20575
17588 11042
23907 12324
22415 12955
11080 4583
21898 24290
4902 4593
5923 23938
21919 9930
14062 12268
2584 15574
24185 5660
1197 2036
6721 11146
13592 19783
11083 18186
22572 8606
1606 4153
23504 4836
8826 23269
21747 13776
11561 17362
16101 4535
14115 3779
11733 11266
24149 11158
3010 23774
8457 22943
5500 19440
2102 3834
1071 24264
22077 21592
20518 21789
22937 18462
4582 23243
1374 5362
17426 17249
21939 20206
5345 16719
20680 970
23048 20225
7456 11675
10426 2566
14273 21499
13244 21711
4079 22801
12386 1288
3907 2392
11221 6136
7218 8595
4011 4828
16333 6945
21233 23093
17290 22407
9852 12846
16746 13298
4567 8374
21456 16103
23359 13449
4126 23668
21788 20076
17054 20868
13327 20577
14779 5976
10447 7265
7128 5922
17160 8479
8806 685
20505 5433
9013 6021
5192 24462
20249 12389
23199 5957
13778 16408
16945 18284
21934 8107
5119 13402
11600 15795
4297 3408
5768 8670
14968 9860
1441 8048
16168 14088
16516 7142
19376 2409
10911 10334
12646 19501
20506 23988
5048 18720
24102 24063
160 6129
8990 179
6416 15433
7584 1535
4622 14084
11457 3795
23013 22305
2289 14217
11093 10628
4805 21218
5081 15097
1986 15181
11187 15057
6060 8152
18254 22520
2486 12957
16357 17764
6409 5000
5072 17682
117 14710
23383 7949
11480 9693
9731 18690
1564 21712
15849 7032
7343 24564
7142 5864
6532 5437
4079 5549
23895 20607
20506 23526
12011 13362
7241 17380
9833 2502
4888 6739
20647 1760
14761 11618
13847 11075
1366 24374
15081 2747
5755 19585
8491 9503
1733 24015
16304 22250
5858 4164
14168 7133
2522 2413
12650 17524
24312 15201
3784 10803
10766 112
24252 20386
7220 21339
11281 16558
1112 8911
2561 16900
74 15935
11066 24601
6751 4288
3835 2146
9929 22645
9701 14390
10392 22831
1529 24550
19415 896
13109 4842
24350 6369
13162 21025
15274 10260
6221 12894
15732 2286
4536 6415
11074 2782
8674 12847
15899 19203
4341 11280
10323 6894
3442 17605
7532 13858
56 20509
3840 1706
2846 15240
21561 14896
3926 14371
10457 336
23333 2701
365 12102
9191 9454
6385 18202
21124 14987
18230 19767
11004 8778
3706 14891
1943 11257
21848 3964
16658 15179
13675 22963
19065 22440
12330 23265
8893 3693
12624 12476
13313 4464
20025 23077
3499 13869
6356 18346
9406 1809
22912 16357
19738 2206
1794 13791
11960 20594
21644 13370
10540 8254
18752 13663
11770 24460
15813 4773
3069 15139
7820 24528
5818 16606
4737 15775
20406 12953
15743 16673
8772 14996
1051 2493
2684 1346
22328 20658
3489 14569
13215 179
24208 18985
14391 19227
15549 11532
3246 10898
6518 3737
22916 6568
18498 21823
10515 13077
3368 6378
10774 7209
7061 19381
6543 18935
1151 16604
16025 10445
20425 22518
2747 7533
8772 18277
14736 12010
24338 22453
2328 9721
18633 3119
19924 20875
21462 5109
8337 13862
5181 1699
7907 18597
10288 10108
12291 2016
4502 24152
21007 8726
13362 20109
16817 15988
18459 16442
11302 13004
5492 14237
23222 2408
2573 17527
13224 9930
23733 1347
8764 21012
11850 3398
19782 699
17337 4109
572 24497
5681 9827
17390 18500
22393 24246
13290 14055
3146 8432
10119 5433
1137 21493
9374 5063
13900 23297
5979 14291
5317 15902
24093 13985
11668 801
16951 4959
16538 1114
14410 18358
12576 3542
14359 7032
4000 11779
2924 4993
24115 9300
23749 19804
21716 21554
3296 14230
18539 20730
1935 14500
4018 9552
7509 1131
23383 14560
9229 20053
23020 17223
4770 16059
21846 16423
12511 11127
19139 22194
17065 20280
10424 14851
4343 15724
8022 21054
24533 4921
17122 14032
12269 4009
529 3581
2275 19123
2012 1203
21687 597
14286 5974
6037 9731
3727 9650
19468 7768
14537 23888
4854 19139
13320 10065
17960 20051
13109 2711
14746 490
5387 6513
13173 7446
20041 22560
12640 12668
9756 14984
1741 19955
9972 13918
7481 2669
19960 16044
16692 8300
3579 13819
8473 3866
21296 590
19094 23279
23721 8239
115 2356
16776 13384
22925 6109
12196 17088
3701 18209
5167 19062
19103 3786
6534 20033
8830 21283
9398 23765
20502 24403
20486 2540
22763 12543
16864 4935
3546 10023
16657 7547
5804 4373
17623 5774
23353 15261
20766 22491
19698 19412
13661 6587
3754 14470
11022 17739
19148 18039
5147 24248
10273 13402
13416 21193
14539 797
784 1767
13922 10308
15287 13864
7944 17218
13050 7999
20947 13514
272 5227
21904 5373
5888 15558
18650 4955
1184 20743
21102 4032
21185 17510
18505 14478
17773 21942
1430 16191
17683 14570
17064 23824
9337 6315
11548 2349
21652 17360
11107 14898
2513 2767
11383 1523
20923 18740
4228 20628
12258 4676
457 20525
14843 10249
14381 14733
15703 4965
9649 20004
9598 11344
11758 22763
17259 19114
24432 20604
9459 13493
21726 19252
18079 12816
5575 3628
7267 21931
779 6120
22301 14482
23323 23034
9576 18299
19969 11213
11837 808
13923 5310
12951 21314
12620 13282
13159 13331
2888 18621
12117 3048
14820 22923
23708 768
18297 4993
10436 581
17115 16661
18823 3037
20513 22883
22228 21239
11887 19817
24358 3419
9773 8573
23310 21171
7022 16309
17651 5413
2455 17660
11013 16920
22996 5855
2035 12307
9956 19707
5081 18928
3692 10670
16228 18178
4720 11957
3639 21780
7966 5375
19608 17029
15203 14625
2688 19869
5561 21788
15526 23280
20616 2155
970 21434
18445 17104
2127 6064
15758 15862
4801 24095
9453 21057
6117 11784
13896 20987
13058 9188
10785 9315
18376 15600
17715 6115
3118 18526
16413 8721
22822 21985
19925 103
96 12155
17453 17299
9294 22618
7966 4674
9438 18807
4339 14016
5025 253
20179 2479
1785 1105
8572 9753
4128 18808
15904 17360
8006 16917
13578 1894
10540 13029
4364 10274
1062 22685
3394 11085
14740 8087
15474 4228
12056 832
15702 10623
17282 17587
3687 8193
1046 4510
18989 2709
3740 19574
17952 12580
13166 24277
2309 7323
24043 7156
2560 2919
14014 4616
6832 11504
22536 6453
13966 24374
17027 21245
13572 10110
16346 8295
16399 24608
2971 14233
19815 6533
17846 7801
7168 21981
20121 1794
10329 5017
24177 16070
6122 10286
14590 19344
8222 1224
12944 9705
13527 1153
6920 10655
230 24555
10360 5542
17460 12519
14070 14546
6139 16092
19242 19385
7827 12792
6168 9909
19724 18907
15970 7160
16908 14521
16825 2806
12383 13614
1687 4819
23036 18254
23870 3814
17391 2323
11551 13022
11300 6910
14571 12939
10251 20328
24476 2809
20139 8678
8943 100
5441 11281
232 15696
18526 23570
17366 19769
21811 9317
4202 15500
10987 946
4179 10950
2351 16274
5029 18548
20822 22253
3977 22842
6749 12460
11079 8130
1088 12491
21490 6163
12654 18287
17878 19918
17119 9537
9113 11323
24143 15831
1062 739
13032 9538
11198 19527
23332 18812
17766 8070
22072 10157
20431 17101
18192 12675
12889 18312
21299 21950
11620 4731
21905 10396
20359 3620
14516 12078
20278 20563
17708 24424
21520 11684
11819 3699
3148 2698
19463 19222
19995 20980
11284 10127
18179 7453
23243 23711
15030 5209
6764 4629
6836 5727
23292 22625
21606 19612
20777 21066
17451 6895
5960 13687
23595 15063
16956 21194
2049 4422
12708 15661
3301 21373
13922 14521
19181 13329
12852 14450
23533 14397
10355 19574
23588 18631
7955 24438
24559 13344
23408 1681
10756 215
12807 2647
20626 8989
5191 11563
18643 7754
11029 10083
23436 3400
5082 15575
20614 6361
12233 21464
313 11273
14732 24146
11640 851
20504 5859
21282 16687
22878 6582
16727 7860
5348 16626
3227 8171
24013 19422
22522 3338
146 23987
6499 2790
13066 21244
22184 12863
505 22752
13958 9556
20921 18610
763 19922
13472 11657
24474 5203
6971 12563
14673 21479
23077 10747
17042 3776
2312 23950
105 9164
18369 1468
6668 4742
21723 20481
15380 23742
4223 1431
2547 22280
24598 16873
17114 1389
22027 13964
6673 20029
6558 24104
3678 903
17634 24166
16006 7381
17070 21939
23579 22501
4854 7942
6137 23917
24503 15078
16589 262
13314 23587
11767 7994
7046 10684
12767 12880
15025 17077
7790 15842
10676 4059
19486 8430
12259 5485
7266 13861
14050 18082
94 3001
1982 22809
15791 15770
7163 9399
18317 18152
18827 4135
18156 8880
16073 3134
15174 12349
10683 18697
10350 11658
13767 14658
7046 5842
14570 24099
10328 6019
14595 14698
9895 13735
4110 13301
6669 1285
1409 12361
20122 201
13879 1736
4138 8332
5236 18966
824 10807
19030 19452
237 17285
9823 3397
10805 9467
17635 19893
16812 6053
8389 12615
15373 20783
15812 22925
16727 18079
16613 6247
18355 9731
6685 4284
20419 5832
16294 7618
6804 17167
17600 3348
12713 430
7709 18893
4089 5766
517 117
15077 11313
3388 23155
17034 20013
3698 14514
3009 19972
13279 6569
7232 4782
19583 3127
8054 23306
23043 3935
24570 15323
19430 4730
3072 6357
16238 17736
4887 10486
18110 21843
6330 17616
12475 5683
12520 11695
2877 20526
17330 23408
1811 4513
9390 4075
24526 12880
24154 14110
5253 14307
20202 24169
3294 2599
19775 17960
22038 8079
11641 201
15183 16988
18477 9879
20929 16129
6517 5657
18979 14616
19115 13988
4683 3248
1422 23407
8204 20145
23955 5781
15879 5272
7173 19660
10088 14753
9759 14143
18117 17070
16917 3913
4698 10667
7292 18736
1022 16898
2224 16205
23703 12180
22566 20223
19560 12705
15183 7334
12297 11104
13586 21183
16509 8431
23646 8147
19918 22588
1313 23902
22582 22599
20594 9745
3569 2390
7246 21113
5475 16087
15150 4610
18576 23008
14717 10193
1622 24520
10280 19024
19962 3413
22613 7313
18955 8571
20353 5696
4550 20271
2979 3129
16380 18828
13373 18504
1762 19415
43 10831
16908 3125
20427 22856
6722 23023
10346 24246
1350 20987
14650 6706
5152 9208
21330 11951
9189 7426
20152 24623
3124 13867
1263 11991
4029 15467
16825 17774
18717 17337
3208 3099
11583 20553
6472 6056
1791 19286
2653 24331
7760 18113
7834 138
4227 13867
14549 10261
1015 21477
13100 17107
23757 20234
20654 14908
4643 2306
9688 21448
556 167
8464 18941
15065 2708
14502 3828
16348 5786
6968 19407
23580 12393
17972 458
7597 12621
13276 24459
23349 7872
8206 9121
17089 140
8840 7659
3381 9136
9534 20262
12854 3338
21429 8663
21961 8677
22093 23320
10956 14363
15708 2644
16053 16277
6778 16154
9027 12288
18123 18869
16160 16469
17226 23037
20930 11300
22232 12663
2314 4799
11619 1040
1213 21197
4557 1786
10289 10166
6387 18610
23219 6545
5571 9667
20814 18935
641 23124
4502 11259
18687 163
5504 11485
4738 13037
15859 3840
2031 19580
18760 19824
9230 4358
9208 19831
6755 22277
16703 15801
23537 6978
13801 5496
19383 23606
20332 14388
4325 22200
6756 8559
7350 2030
10202 22601
11063 22576
21021 1628
19691 17198
21651 10875
18480 4030
9748 7879
12242 7112
22637 10019
17785 3302
11649 12931
8773 8639
11759 15323
11407 9839
21349 8912
22730 12214
8505 2271
13270 5913
10866 19792
21120 13904
4588 2210
10121 21580
115 9943
2632 11211
12855 3084
14213 1215
10198 17481
1204 19867
245 16022
12280 7128
10290 22276
5222 7699
1553 15719
16809 12570
13363 17306
14306 9540
15754 18957
169 20655
10271 1532
2813 18867
17091 22183
16355 17311
18562 22854
16124 19599
1974 3049
14332 9697
12692 3077
20741 23690
3292 17035
20878 18833
13506 22074
15760 16238
11751 14614
1431 10233
17508 19282
9030 8880
7702 19765
20033 9647
11555 1765
9429 2025
9009 499
21479 15074
13647 4120
55 1710
13155 23837
19509 16073
21539 1857
13375 20444
19667 23071
11062 20024
10673 11115
9108 3625
17368 23428
3721 23622
2238 6412
21030 4629
23615 3235
14526 168
21533 5686
797 13489
3517 20355
8892 19767
3684 22472
11017 2002
1733 155
8262 20609
3585 15910
3415 16905
22001 20084
10396 8848
17683 16989
14468 6270
13854 17485
22584 23619
22027 360
7260 10110
13278 1622
14081 17932
12975 17757
21823 17484
2500 18468
16742 22465
7862 1104
19047 6886
7098 23476
23352 2975
24220 23596
13129 1209
17181 10933
3139 16872
926 18638
9878 6122
652 2100
15374 8569
10672 15216
20762 23471
24274 2523
15218 16932
20201 13985
10211 5586
7426 11924
3230 24181
18903 2299
11949 15761
10361 5072
24091 23014
4000 10086
22555 16261
7725 749
2062 18761
6478 5560
23930 6673
20683 3886
4400 9137
10343 11383
20430 5080
3363 7826
3558 8335
11382 9076
1943 22539
5872 20639
13587 9255
21173 24265
12459 16995
14366 15038
21394 7181
14435 21622
22067 17451
15818 2561
12004 24388
24520 8547
2570 17671
15069 9014
17398 22834
4853 12630
6598 21878
12994 8988
9849 5749
2308 23589
3925 2526
18752 22542
22856 2527
9989 14912
17308 9788
18340 11216
12566 21637
10154 5686
4067 10899
17595 14480
4880 11624
13049 21449
23412 2281
12245 18895
21633 5131
5122 11829
18884 23437
13522 19875
12792 11703
1909 14406
15063 4864
13509 2775
488 22158
11996 15994
40 4226
22312 18938
4826 3368
13085 3013
18812 13222
7064 16593
11685 15572
20399 4825
18308 5499
912 2840
3619 6210
5486 17757
15992 7505
8473 182
21529 4003
13004 4309
22297 8743
14464 15083
13026 20399
9637 19663
19856 1390
9552 18789
7831 9350
14161 21163
1614 7632
17182 995
1920 11289
17556 1297
14409 17438
19109 4784
8933 20054
19822 9170
22891 8359
23824 22700
2501 10635
18409 18012
6946 4917
15911 2761
6665 21707
16799 17529
18988 14483
23637 19104
22241 17848
9280 22921
21356 23993
9472 1715
4114 21284
22546 22208
21081 6642
19468 20663
7183 6686
30 16482
24297 8537
586 12199
2356 1594
4700 17975
6344 23558
5149 7744
24420 11278
4042 16974
1835 21440
18134 23302
21069 2149
6538 8709
6405 190
15840 3756
24287 20584
16836 5246
11418 2703
13314 3390
100 14123
24460 8523
8734 313
8005 918
17074 20583
9722 18038
14387 2339
19057 4409
17809 6389
3512 19903
2467 21624
18335 3482
21691 3956
8564 19118
10435 5894
20997 19217
3410 23158
17626 504
18338 23072
19202 1340
22058 4403
19006 997
3742 12246
2570 21986
1178 22357
10739 14103
11301 12893
16778 11691
11137 18199
21747 16052
23090 9856
4303 8884
15051 9249
10198 5518
14196 21039
13412 6182
1956 8567
15172 6144
4361 2029
2050 5509
1324 6872
6867 20612
20135 15437
15039 24186
11221 21337
22823 10360
11224 11255
12772 7727
19817 7774
1912 8766
10655 16520
11279 3556
402 19760
1324 11158
12189 20125
10431 8620
5208 11528
22597 5830
22131 16684
7662 9310
12969 19915
7578 13380
9424 22120
5191 16249
14610 19331
9103 24453
4891 8408
3518 6882
22199 18048
11541 13927
13798 18870
23023 8831
23097 18610
9144 18118
7511 20073
8891 15511
24629 4010
16887 15058
22258 17070
13793 2269
2431 3045
7570 22147
18350 19185
15065 22956
6488 4443
2137 4243
12654 2651
7557 18477
23149 12472
2904 20874
7980 17093
3290 19839
12302 2322
14645 717
15630 22107
23964 6063
4357 18423
3243 5874
6993 14072
2950 22263
407 2036
19824 2419
9410 20507
4928 21050
20607 2592
23105 14522
23455 21466
7851 9763
21556 19601
7338 24313
15630 9418
21749 23277
10716 19287
13132 3183
73 7381
2629 3895
12400 24340
15383 21684
9794 18506
19554 4711
2639 1399
24043 13403
15172 17360
9913 10087
9638 15490
6886 16664
1460 13339
1960 3604
6522 14539
16294 14352
23838 7418
24290 15526
12418 16443
17497 8032
17694 19434
8207 5334
6323 3260
20711 10314
3239 13286
18630 15805
3198 4363
134 23889
5416 13718
13899 4755
22134 11454
6520 12905
13491 17572
9339 12021
9182 20719
7792 22601
11938 6276
21770 2329
19703 1154
18334 13685
19071 11227
11524 18703
20962 7804
21597 22969
14527 5084
3516 7100
2350 17424
12804 1186
8801 7008
1431 2917
11956 2807
639 23080
19014 2324
24144 16838
15701 23169
23268 18784
13129 3097
21884 6981
3340 20143
43 5190
6303 22000
3935 23391
8582 16466
17272 3627
18604 22957
21164 1856
4608 606
1804 10105
17774 22246
23369 23549
18463 1203
10574 12492
19693 6876
15055 5093
16616 15944
17656 5429
12978 20386
10024 21597
15190 7563
22139 994
14176 13201
14317 21034
2177 1784
10093 15787
3519 16138
11249 9528
14354 11754
6421 13684
10165 23645
15353 6772
10590 7439
21647 9363
17457 23636
22856 3933
7198 20459
2138 1858
17779 12070
21205 6552
18636 18493
11172 12909
20971 5084
12057 15012
18036 6651
5961 14858
7074 21961
3136 6910
19493 24483
6268 22364
1237 1526
10225 3611
20578 23052
22245 529
3342 22538
10950 14057
20881 7832
6245 11928
17323 12618
7407 2427
18063 13841
20562 19526
17505 15840
15347 7578
22069 3982
16903 1464
16768 17444
17034 1411
13231 7219
8036 11260
5298 11878
7488 3975
18783 4926
20544 19835
3520 12383
20992 11782
1478 14850
15929 8687
6060 6178
19701 17939
3993 23935
18652 20383
18028 8980
9199 11866
1268 24523
18270 15536
7197 13691
10134 21625
1208 21803
14726 13565
676 1537
7469 9431
12614 322
11624 20318
23553 8544
7410 5209
15173 18150
22911 6278
18738 17701
21988 8899
2357 21402
23688 23899
22028 23985
22340 22927
19182 22265
16225 7383
6671 19259
1734 20592
10497 17978
7793 21100
5035 1124
15395 12700
8843 17397
21402 7558
9553 4287
261 19344
9940 2432
6997 10775
11491 2289
10973 15239
16484 11823
9553 19095
12782 9914
18631 18914
5998 14523
5804 1326
24168 5481
3180 22867
1213 23232
22246 22173
7715 3360
9280 7777
12430 19658
17068 12138
874 21806
40 24293
9569 6040
23143 13857
23861 16174
13615 3032
8343 8389
22209 917
4639 9554
10311 10539
431 19689
614 5000
8262 21747
3405 9989
4607 2352
4338 22927
507 21416
21754 14281
11527 15668
15664 19306
13834 15815
9949 4311
6210 11241
11780 1362
3715 24106
8887 12320
7943 22444
13012 22073
11467 19897
10803 19743
13256 18540
10866 18507
14354 5789
21078 8599
920 2115
7070 4695
8539 5254
16597 19975
18366 11177
13938 18607
2494 18424
1133 19464
9394 12152
812 6668
3535 10192
21334 13015
11172 9732
21924 10620
13283 24389
21033 6034
2793 1176
14528 20248
13324 23915
1187 74
1196 9229
7003 2101
2560 16085
13834 13349
2796 23215
1111 7610
7202 16916
4117 16965
10823 7036
11291 12217
8763 16187
2450 17036
9331 22142
12776 4833
10133 20700
10720 10110
1831 19991
3010 10716
3180 852
14409 2980
3030 14280
8809 24190
7373 5220
18556 3318
16347 22284
4411 8171
524 20126
537 4133
9068 20601
17456 20735
1793 1795
1961 6202
5646 17035
9615 7624
24437 20395
19093 8932
21644 20239
20233 18275
10112 15031
23827 14405
14909 22927
5264 17864
17906 24306
16410 3524
16110 22983
14318 4970
23756 62
12337 14607
3494 8227
17254 7072
2777 23360
11505 10172
3294 21937
17934 10233
12583 11323
9388 8322
6373 19856
21485 18210
20494 4474
10592 18562
23004 8675
14258 7103
13597 23481
15943 2839
5232 9654
20267 7715
3864 20922
8065 1474
10552 23791
10028 13946
10187 18110
19429 16079
2486 6319
16079 20760
20585 14992
19599 19155
22093 17272
11492 13983
20069 8445
6746 781
8100 14522
22636 4377
2953 7652
17234 17298
5874 16194
23347 10006
6685 14883
10278 21975
11807 3110
21170 20744
18419 4580
23856 8037
11485 15806
2699 2002
17010 22326
17545 15286
4971 24207
6391 21010
10455 14692
10220 18381
3396 13187
13214 868
18299 22607
7088 2847
10421 8746
10122 16164
22299 20720
4964 17129
22798 10515
4413 24090
22294 1623
10634 18864
14761 9238
24399 24077
17544 5502
21409 12603
1643 13777
1356 19169
3919 11284
10273 8401
20331 16135
2704 9748
24578 19306
2367 14166
17315 19054
3480 22862
20069 22727
19005 109
19222 2338
15202 15445
11866 2737
1840 19125
21491 286
18843 24443
1006 565
15661 4575
11330 8350
12023 15710
3681 16146
16779 9266
3833 2776
14979 3513
16792 7304
15953 10795
1747 7789
4909 11828
15976 2808
5490 17940
3711 17615
20533 21531
203 12272
2625 11564
16767 366
7167 788
15895 23673
11879 18146
11020 22543
15963 6701
24326 6610
8861 18361
18737 12548
14859 8696
7533 3091
14903 12738
23545 5915
125 22979
3333 19553
14216 4391
19326 11679
18396 14761
23437 3417
15909 3590
4412 20839
4594 14358
14528 3678
9055 21696
23208 19231
15374 11382
13471 7266
17849 23231
24596 20230
20582 24261
7287 13049
23102 6868
21159 8027
17461 9291
10473 18777
12617 4436
13050 21737
22863 22635
5364 13178
1249 1772
17905 21348
23236 4175
1770 17792
5645 19930
14581 6630
4578 5643
8216 10121
18138 1907
19191 4957
19709 7685
3864 1069
22165 1419
5989 23538
840 22039
15050 20059
778 19424
3060 22875
5387 4935
15093 1428
16512 1562
10889 9525
21059 4021
7711 8436
1433 11005
3556 1540
6368 4988
15538 18725
4089 13710
11419 5394
21769 13262
9707 18980
8383 22553
12863 13748
11396 934
24518 19544
17478 4617
17745 5404
15220 11107
14772 11859
2789 20321
5089 3142
22992 1024
11762 8350
11647 2798
16958 197
8592 8192
20583 462
3352 5763
6861 12513
10566 6113
13526 10486
6682 4007
6350 11954
7821 8932
1296 1707
16696 11545
1291 9973
4892 15985
940 16071
8246 23281
7743 3238
20327 10430
22399 23396
6017 8
13329 3823
23375 9385
24402 22281
14738 9944
6068 15303
8098 4340
22351 20811
4258 23663
8330 8796
17571 13611
6370 17317
13298 19803
5179 17732
10646 20190
6938 8021
22091 670
15716 21040
10876 13794
297 8988
1640 18697
1208 12992
19961 8581
18151 11239
7088 2768
15480 19399
15429 18277
9019 12640
3748 4790
13008 18101
21318 3423
5626 1785
13855 8690
5284 21076
9932 12623
3798 8343
17535 555
21361 9996
14558 7406
17897 40
14655 8771
1104 23556
17528 18060
16854 20954
17197 2833
22182 17090
10193 354
16927 19649
23267 22737
21793 22954
14083 17816
5210 15074
6492 8797
10475 15623
19799 8056
18804 640
8865 8444
15507 9845
11059 1471
11374 12407
1143 18765
4622 5977
22577 1337
11445 9474
8181 11649
5467 6869
20825 17947
4282 2922
18898 16143
5592 6283
24083 6761
178 13747
14339 665
21547 15810
7683 22980
13369 6908
20420 5644
10599 17988
22021 910
14365 19570
6078 10111
22573 4967
3159 21481
17954 10381
4494 9069
15402 21962
11337 16338
14065 20768
24236 6687
4852 17885
10910 19007
15237 21398
23931 16476
8397 14066
16380 3257
16426 22139
19085 11356
7664 14049
1649 4195
17818 14474
19777 3118
22754 11489
14429 13527
23282 10944
10048 4853
18797 15605
11974 21119
9466 9893
22318 3614
21512 20612
2574 7620
20476 8110
12036 13374
14860 19569
9497 21573
7023 5454
24016 11090
18691 13083
13531 5926
13514 17495
13859 10927
10074 24457
6866 12504
16511 7940
16006 16601
7827 21066
14118 19563
22618 21969
17383 10569
19937 10511
17623 18625
19542 3685
12563 388
11003 1899
21444 11771
23261 11889
21551 17143
6383 10593
1275 6783
13695 11700
3292 9483
16249 15256
20470 3766
2889 23311
15081 5811
13882 16840
5479 9008
9599 23239
15551 22413
19467 6479
774 4762
16919 18195
11853 5852
5102 13431
22529 22604
13322 13843
23123 12331
6666 15961
17478 9298
17607 2737
5143 18323
18656 13087
6435 23117
5568 18119
7196 4681
10828 7527
21398 1033
1113 10388
13004 10717
2669 3312
21795 23149
9011 2009
13738 18905
11148 19052
22586 262
17450 22664
15173 21632
19191 19273
1688 22362
23180 18942
9624 23552
17668 22306
11777 8927
13894 7888
21708 4910
3310 3024
5113 4604
5578 14186
6136 17531
602 21599
24090 12938
11127 14349
18411 4142
14282 2610
928 3645
3642 24470
2390 19337
19667 464
21363 15092
17650 22570
7326 17233
20796 8936
7159 1047
15125 15117
16072 14678
6155 8728
11758 1758
15166 9261
5496 4932
10431 13646
24350 3281
10866 2241
21879 20176
339 7970
13392 15474
16530 7614
22646 8335
10693 9311
16916 24146
7002 7361
2432 7283
5067 24154
17827 5653
18261 8063
13569 20619
12278 22851
12537 4961
5212 796
9597 10048
4615 3464
16715 5072
12634 17298
13002 16688
10190 423
1439 17714
18575 12778
3794 16877
17270 2616
3179 16330
12040 22261
10860 19433
17425 15818
9953 3658
19127 1570
1634 1664
3176 2852
20315 21485
13724 20389
332 8487
7634 9874
918 22839
14654 23859
8265 12481
6837 24286
10028 24575
13285 22923
8345 18326
18838 14298
2024 8823
20321 17041
20257 13805
5448 9128
2230 5243
12339 8130
1524 8199
17781 17913
11931 1450
438 16172
21255 3060
12029 14686
16225 24264
8140 8696
18521 4258
4823 15827
5796 12925
20409 16859
9245 19164
19496 16512
11782 17969
18304 13893
19994 16396
2861 15483
22707 14088
8009 18681
7547 18911
5656 18581
21537 206
17674 22360
18947 624
19971 4033
6734 5365
15896 2349
4374 13210
6849 2946
19866 19666
711 13568
16893 23794
19383 6340
4619 9597
18040 1756
16090 20572
1390 19408
16896 24083
7769 1918
22797 12943
4636 313
7137 4749
10388 9022
18291 17586
515 4395
21057 20154
16566 21506
6373 18520
21970 12372
14223 9423
19755 11487
8864 1552
2752 15667
4183 14324
12202 19043
21669 491
9452 22958
19479 22038
2233 18482
6302 18066
13640 6285
24067 17525
9298 828
18935 18597
21244 12292
3881 9078
23374 148
22371 12405
18207 2996
19192 8082
9594 7261
12648 10419
12596 1044
9173 14466
15404 1077
22405 16318
19154 3915
15836 1417
10438 11615
8977 13431
22331 22484
14344 7003
2750 22798
24161 19135
10327 18462
4371 8931
15251 22796
22810 2120
24537 16516
12596 4135
19694 12072
14253 22553
20800 16035
15943 17593
12275 18424
17479 22714
17374 2632
13891 19677
3764 14829
4825 3329
12476 10418
14502 121
18583 10648
10794 15622
10285 19320
9200 16832
12597 9626
4399 6157
11951 22933
6330 17160
19986 4378
5267 11979
16683 13526
1478 10373
15015 7482
22366 7830
5883 8156
3487 23691
13319 8322
7279 13617
23955 15102
13839 11920
6949 23147
7988 23133
18123 16083
22001 4812
22538 8446
10019 23865
18556 15552
14599 24449
12881 3349
14057 16752
21713 2982
17070 3240
14289 14161
14815 22811
16993 6258
1121 2883
4289 12565
94 22054
2927 14665
10988 16322
2172 18172
8591 12646
13873 6354
23493 21071
10266 21442
16900 3708
10000 8331
10466 8742
8141 20394
15296 22701
4661 994
9229 19087
9538 13895
8257 11830
8144 14123
20279 18150
24458 21431
4424 20234
4896 5109
15781 3546
9818 14702
19625 5026
500 16902
24091 7231
1135 9067
17095 23104
22236 10074
12420 6827
4628 11780
21451 8525
3626 980
3368 10486
7377 8615
580 6860
7599 19366
2728 10730
11200 13744
14427 6148
16936 9109
18627 18472
21565 4002
6941 3794
12879 15781
12917 8618
17089 16318
15179 8758
23133 21624
16282 11903
22641 7406
21630 4955
22007 15427
23473 21934
16641 8619
11422 13907
4191 17396
16431 14290
12035 6606
10952 24572
13428 12059
12406 11054
15952 3005
11094 8605
12579 15982
22046 1508
23074 24445
15980 17901
8339 3224
15961 13042
23643 19753
13521 14966
9917 5747
9842 2339
7872 3321
11342 21473
9409 19832
18607 10755
3702 6898
24024 12224
20749 8539
15780 11170
65 11411
18372 10022
9529 20640
6467 4619
8763 10680
13981 727
2404 19666
22418 11775
3746 5570
7764 10433
12678 6289
8903 18168
5245 10403
11691 19695
10360 13525
1236 20785
2797 8840
21588 19147
5939 9975
9631 2804
23379 23026
8694 18282
5395 20431
394 20015
10034 18586
27 5508
22841 12693
21470 19592
22469 21309
1936 5156
10120 364
13057 10737
1080 22192
11666 17613
21834 14886
10061 11624
21903 2718
19394 4261
22415 8650
13756 8623
2563 22949
21915 454
20924 864
10441 17723
5779 5259
6686 1369
11740 3246
1149 8394
10998 10762
11364 21792
4984 7906
14152 8304
11129 7099
152 21430
7604 15388
3934 6725
21125 17561
2106 2974
4444 23139
7198 24117
3387 9377
19387 13361
4529 8854
23769 15789
10746 23369
243 6772
19764 17079
13541 9245
14979 19831
4628 7411
466 23086
4800 10977
5160 23438
16191 4409
3959 18522
16213 22679
18214 6829
15500 15031
1349 7337
11752 15581
1649 15823
11897 20976
10099 15611
5684 24607
3303 16829
12884 21195
17012 13000
15274 13021
19107 9991
19229 5983
9719 15629
18 8430
1505 5073
23631 18277
7292 13321
10496 10468
3065 119
6974 18519
17413 7071
17296 14431
15590 16780
18900 20194
21377 8940
536 12783
17612 18999
11820 11425
1577 9516
9019 12090
12442 24191
7952 2483
88 6935
9579 679
3456 22071
13359 23393
19382 8174
10859 4290
20220 19433
16582 10762
4721 1935
18521 19552
24441 2219
1006 15402
10700 20477
9194 5888
16543 1413
7212 22744
1850 6482
3778 19048
879 3253
6343 15318
9193 8184
9841 3424
10748 5359
12824 21086
14682 12116
21267 21257
11564 7257
23542 1054
15090 1320
5420 11268
5134 2679
4738 11218
13797 11166
20720 23997
11935 22632
18142 12503
242 21547
17757 10003
17860 3609
23569 7951
1911 20533
15826 8384
23183 18981
24427 6245
24180 22372
3791 6358
6271 42
19986 2632
17923 961
8447 6164
22156 21967
20851 4195
11366 11358
20614 12390
11740 22165
5933 271
10019 12895
22571 3099
8568 24628
12513 1673
12384 13659
16732 17583
18412 13197
7272 21483
7997 16545
16057 8171
16637 9188
7255 19986
23172 8141
3450 13703
8103 14058
22533 5499
18544 16364
8891 24035
8556 9542
938 20317
6738 9577
2428 7692
19653 902
23128 16505
19514 16325
8417 16734
15464 10993
8986 2126
21243 4180
959 16600
19454 22296
4004 18089
13826 22724
20588 11861
11451 13568
18869 9936
18703 11161
22929 16221
2935 2545
7706 12232
13208 23996
3845 5582
19883 9232
9516 15066
6774 11783
10522 21285
9706 8642
11246 12301
24116 23290
10059 11005
3036 11033
8353 10834
13190 10424
7445 2832
4233 19201
18782 11595
23757 6348
9776 16523
1741 5319
2035 6847
8706 22186
15652 16142
9099 5868
5185 10780
12927 20611
11174 19209
24476 15945
10766 3222
17750 16106
7740 23570
13423 21475
17761 18680
12233 14118
10313 22883
12553 7440
960 4519
17316 9575
16485 11155
20735 5044
684 7767
12199 1803
3931 2586
4683 23114
11606 12613
473 10040
20117 10960
9715 14113
1145 7205
2693 13321
6025 14947
20811 13352
15780 14752
1488 16683
13089 7387
11914 13664
8234 9116
15386 9060
15904 21152
2397 19590
14888 19987
22485 5524
23507 17618
13216 15467
13410 9380
6990 23507
19027 1992
16767 8943
10277 22695
19204 8155
20625 11142
24297 8986
22727 13709
4919 21099
20631 14436
23844 324
16205 23654
21094 24520
20768 10430
18635 18552
16351 13583
23973 3348
8030 21484
23636 7255
12960 689
16217 16615
11360 21413
6129 16280
8499 21420
4355 1503
3994 18359
7435 22605
6423 18870
11991 15949
9333 20844
726 899
4609 3484
8592 7893
2277 18066
15291 16119
2530 6404
2643 3899
22294 13739
8168 18095
13736 23013
12340 15790
6510 20879
21935 24266
8608 15682
433 3756
12581 4870
22029 8432
22554 1956
6163 10196
14846 22460
5909 13752
13361 17198
17359 21108
23747 5958
16453 9577
13573 24300
20442 22906
17593 2736
18939 10501
23977 9729
17820 14414
16078 11622
19853 20559
5890 11289
19167 4139
453 8644
4313 956
11761 3938
14216 3918
14474 1790
15706 11478
10325 19318
650 21296
10215 4899
18437 21620
709 4119
18130 15955
24374 1970
12877 20821
24548 23184
11324 7554
24403 10182
5250 11981
17356 5991
21264 22562
4660 6051
12589 7921
9825 4471
5573 12511
6913 3361
7397 8794
2698 3785
6958 23669
21070 16011
23729 21669
9071 3072
20741 23277
10597 17486
7769 12
20831 7497
9977 19877
8063 20344
14148 12551
13181 16431
13509 23077
2140 6354
5814 8251
8792 8030
15141 12138
23060 1502
19357 19089
659 16229
14800 23512
5097 23318
24028 16172
997 12904
5004 21519
12501 13974
22453 6128
11749 9737
8352 17154
14240 11514
15038 6298
8924 13074
15371 4269
10214 22995
132 8937
3771 17319
21275 16972
2089 21009
14544 1417
13888 15033
18734 2768
23521 9931
452 8215
4148 13354
3567 7123
18164 3700
13568 18668
15061 19259
12289 6023
3932 15899
21106 19194
23111 11725
10258 9203
13292 13125
7337 11223
11841 19129
23123 10829
10570 9502
10028 17225
3070 24456
17065 3911
8398 1363
21353 6725
10425 14593
15053 4996
13534 8880
6712 13668
12997 804
8601 1710
3684 9748
20677 21329
11513 15352
22095 9607
1222 14870
7699 7344
1168 23041
15492 17998
13870 23077
7145 7139
22482 11815
18921 1194
11944 12460
21937 13692
7708 17722
3258 9785
11382 7767
545 4492
2840 9888
22385 19926
22514 22605
17367 5698
22963 17130
6426 11488
10036 18298
20062 20010
7581 3602
12943 472
19053 10482
3225 4049
6271 20237
15766 640
19221 16151
3718 18958
21912 17062
16823 10520
22610 10955
4271 4665
10193 9872
8318 14286
14368 235
19214 20831
20609 21848
12001 8125
21229 10543
5962 5779
10740 24146
5319 16263
21769 24210
15048 11966
24435 17551
3801 9338
21938 10343
850 11380
19064 13685
4229 6759
16368 17900
5094 12547
9664 23374
21071 19777
14503 21381
17975 9330
11233 20287
18070 17372
7922 20161
16093 9938
22656 11105
1129 782
13171 6855
15916 182
23945 3908
14655 4671
915 1662
19169 1265
9494 19417
1014 23603
5769 7220
19167 1635
23806 20704
13235 16205
18803 2871
7268 17134
16032 16680
13251 16284
5946 16497
15362 24599
646 13523
7108 19754
14817 17832
18238 12607
18352 21765
2988 16865
22238 8533
16248 13901
17787 10425
17588 22817
18487 21298
15868 15587
21603 18255
14539 6650
13419 22513
1067 10780
23309 11632
17209 10735
14028 2535
5963 24073
6587 9834
23901 20119
11043 15889
13928 11570
13460 13500
3899 1016
14334 19086
13237 17230
10566 2769
5176 13520
9258 787
10423 22415
9308 22629
21039 12441
7021 6380
16766 18482
22285 380
24610 23671
19287 21310
15584 15676
810 5021
8010 19449
10452 12277
16873 8101
6085 18662
3562 22422
1786 7251
10396 9924
14261 22816
1796 18944
9273 13414
10442 848
15364 23646
19076 14333
7799 8146
13451 24626
13653 15005
18061 22547
15260 8998
3171 4758
6508 8848
10364 8497
3180 22316
14278 12227
540 24277
11244 17202
2766 18650
9803 18088
24425 24535
21909 22139
13162 17134
8061 11213
13793 18108
8429 3294
12424 3618
10416 16235
20467 4940
511 4128
13556 14240
596 13590
9458 12203
13128 1776
8511 15462
19914 23619
19661 15519
21361 1082
13050 355
14434 12495
7297 5161
19920 94
11245 23669
8362 21964
18652 23645
22933 22565
17256 14130
16057 9675
15587 5212
23501 15803
12 4608
13687 4687
18154 9105
5263 15094
3742 15657
13493 2074
21298 22331
4225 18091
2214 2804
8102 18745
16247 22551
18616 21196
4829 18991
911 2883
12472 14222
10773 14691
1267 4413
16587 23332
11302 18419
23406 10849
607 11252
309 3295
14636 11728
17752 16346
23400 4655
21076 14311
17107 1352
14327 21150
12804 811
13331 14634
7548 17490
24548 13648
2157 20368
405 1273
14056 12469
15260 17958
4423 17539
3008 3139
5017 22546
22693 9264
4144 11722
9930 8908
6710 12025
9983 14833
16063 15734
11511 13457
5553 695
22867 18727
11341 7853
10298 18878
4322 1473
6218 19200
4278 7505
8062 1376
15310 8456
680 16407
6323 17700
8549 6204
15671 17685
2640 16130
1310 13904
15877 10300
5099 3443
13829 19263
2268 17342
12585 22745
17171 3863
8112 7295
22904 24456
23398 660
19878 20369
765 19482
23224 11676
8242 15068
18258 22626
9504 13386
7832 23316
8063 11657
16677 866
10252 21316
710 10212
1205 19548
22774 97
24312 18452
13926 18153
21116 8980
2929 169
10904 8008
4935 21565
12527 9711
12305 21954
20362 16527
1984 5293
18741 4880
7605 23067
23990 24112
9097 4211
12322 16415
19009 24438
10084 6785
23035 22238
4405 1951
19030 19068
23268 21585
13248 8915
10468 17763
11944 13498
13532 3563
2514 16128
14585 11153
18948 2215
15406 18752
19765 11698
4011 486
8306 8906
13992 9442
22762 17857
13540 8397
18115 2414
11333 345
22376 5086
12780 23968
7557 6707
9172 15261
10250 15583
16760 23078
14139 5154
17921 1971
14291 1092
16777 7416
13198 3472
15056 21469
20551 6283
10312 21024
13046 6084
12858 21004
9274 18884
18500 2711
14784 17849
15820 13734
4300 7846
2496 2488
3235 21951
17549 10251
428 5983
2524 867
9098 10566
13059 18316
13628 1477
15304 16567
17064 14231
10509 10289
24170 20286
20659 2583
22536 3912
24384 6882
15780 6090
14147 8211
23973 17718
21671 22201
22520 2113
5672 15832
20164 24544
7603 11585
18816 16765
23277 6443
22968 434
12798 7843
1328 10577
5580 18368
5443 23657
9940 18043
12158 11197
13484 23415
21892 4563
5107 12957
8720 5039
19210 24040
8058 1926
14278 18523
11751 11187
1950 22490
17392 22607
19037 8778
10009 20249
5350 10407
5688 4413
16215 11910
12452 20344
1252 4719
12013 1385
7415 11567
13046 22918
19266 2515
20052 8520
943 17612
11464 1854
14313 15166
23410 15818
12312 14063
4671 19985
23540 12200
9485 16202
14860 15597
22527 4021
4563 12868
19866 8623
13526 10532
4010 18118
22414 5775
12540 15546
8115 11340
5995 17445
14592 9970
12508 19532
879 13677
16625 21571
12062 2287
19044 5374
23813 20826
19202 24390
24340 15760
10323 21408
20789 7237
14601 13131
11146 19373
19916 24055
11916 23266
24334 2112
12662 15074
16544 15833
18767 24444
21016 103
19737 6221
14370 11034
4380 17263
14489 11539
3842 14838
14553 4760
14174 7574
3184 12852
23848 20069
20200 23327
12505 6599
9835 14395
2254 4965
14124 12718
5566 6946
4902 15677
957 22655
24060 125
17632 5942
14187 3312
14643 15931
14418 17317
23443 14277
7956 11398
18870 20529
16667 5485
7454 4073
4550 23278
24012 13008
545 12592
11333 23632
23379 2767
16734 2591
14209 8373
5687 12135
22132 24411
16219 22781
7003 8291
5033 15261
14277 14775
13389 19059
12706 5813
13643 3221
20333 5601
22008 1213
22191 7075
11424 2116
6162 11257
587 12523
11633 22164
9876 13813
8720 11359
24264 23746
4315 3723
13681 21335
18491 8415
21943 21461
619 16275
1927 20621
5287 16722
22777 22346
18992 15577
4505 22048
12230 12966
9245 14886
10924 6279
1536 10293
2534 22908
21257 4232
10574 22142
13029 19601
9894 19795
5213 21031
1062 315
4793 1683
20208 15245
19724 21488
13907 2379
8484 18842
21797 12674
16824 22083
8280 1015
3603 20017
17965 21723
2719 20686
6356 11570
24139 8571
19045 2171
23080 14736
15560 7085
2898 5994
15365 21827
3771 10884
21301 21621
3957 278
10711 11615
19382 19415
6130 13960
3637 20261
7667 15375
15868 12841
21577 20557
19272 1890
20851 18590
19656 18474
8460 11461
10465 19999
12701 20635
1516 11393
15686 19264
15476 17906
12951 21556
15832 18995
16571 24468
4665 10346
19772 5986
7357 2493
22648 21306
17487 13979
18098 12409
16967 8884
21468 21160
9337 11747
14860 4947
9118 1910
23396 17217
18430 16225
7267 12290
17515 13792
19735 18902
10521 16594
22073 22082
15350 637
12450 1202
5186 9762
11129 5390
7738 1307
16292 14808
17023 10262
18946 17254
20347 13746
20972 12061
8911 6187
12084 17071
7527 22951
299 19907
20064 13600
1357 14468
599 18481
228 6939
23501 1115
18844 4715
5025 4963
23725 17334
10745 5248
23555 13890
2762 21462
21695 20239
21176 679
20543 5828
6164 24394
13162 24225
18413 22545
6140 22608
1106 21913
17350 22422
741 14553
21437 20738
16218 15590
24322 14478
8758 13717
17020 24517
15630 13070
11477 3578
23379 5229
14149 12227
16929 9926
20398 10428
14563 11691
16640 10708
23937 1917
9802 8555
2815 4033
15087 10653
1941 16209
14263 7852
6506 20018
18896 14916
9879 19374
10137 16745
5072 16111
20775 24276
5311 9807
1671 21403
21365 14136
4802 11652
11956 19533
8897 7740
2001 277
8507 1938
5578 1720
17882 4444
20005 4104
11089 23726
14849 6601
5147 23092
23913 6533
3424 19939
9448 9591
13407 6851
14920 21019
341 19618
12374 11255
22647 21248
8527 24559
6936 4075
1171 14661
10682 12498
1610 23647
24264 3603
20611 19710
6251 13689
16418 2321
19553 12962
11061 7627
11289 15724
17265 687
12173 350
865 10882
11215 508
2468 16080
12834 12887
1305 11454
21298 9580
17348 14423
10280 20485
5074 4901
13086 16999
9775 5641
8704 14795
19116 16458
24158 3948
11836 9506
8650 7099
14903 5680
9836 19727
19111 1935
2957 1807
13476 9493
17864 5665
15151 15435
5031 9077
21896 16028
11433 13842
20639 20350
12161 631
11651 16726
23348 23196
12123 21310
19375 7111
21363 7676
19178 6120
10960 6390
1853 21499
8855 2920
6848 5391
12784 12692
2627 24312
13595 21246
12167 753
18178 24564
23635 4470
10761 10817
8008 20835
17755 22258
11515 18493
20622 2946
3207 16136
4337 23439
10577 2263
7359 12854
675 8721
21831 5592
5465 4750
2038 16820
15151 9877
4509 19082
22871 3558
21431 24456
17717 12473
6236 19582
12628 17236
9050 5578
1768 15378
183 12651
6848 6412
2444 1421
10538 2101
14170 20488
6393 18855
22706 18436
23072 9916
9651 2176
5059 16926
6275 3158
6051 4818
18693 6354
14110 21472
19112 17596
22031 1940
1001 21849
3284 2203
12392 1192
9875 19827
6498 9822
17199 17176
13239 20336
12657 5714
10752 17756
13323 4715
12081 14725
2076 16621
15019 22568
1188 19555
2835 11360
22670 18463
773 4143
21816 7928
9433 15034
13616 2635
10576 20650
6523 19448
15735 1377
21366 23672
4006 23880
23642 4083
7568 19486
17790 14897
8702 7802
6535 9487
17971 6198
19213 18705
2975 409
5418 8417
2186 2889
12470 20989
23815 16858
8881 9345
24301 12204
5842 16736
4281 16304
9690 23117
24495 18395
16942 8050
11176 1092
4487 3825
11980 10661
20568 13280
20854 5168
10940 16667
11616 5097
17182 14261
3255 15188
9445 24107
7818 23193
1099 14959
16212 8918
21780 15844
3957 17872
6115 22858
18442 9677
6047 1936
24096 8699
11081 11177
10347 17489
10931 19484
3354 141
2560 24
8682 20582
22624 23013
6306 4292
15399 4250
23812 16867
5033 18698
12489 1046
17765 6260
13343 22272
1411 22432
15040 8154
21263 21449
16418 18115
21404 16815
20706 11969
2684 13368
4186 13509
5314 6102
4907 23738
18707 17718
23421 2207
7889 20989
15428 15458
13413 1091
3137 8187
14795 3340
20005 2665
20732 20388
22133 20399
22230 18425
6356 11673
2687 9104
11064 21801
4894 6044
3024 470
20054 9196
19314 6717
2876 8279
15511 10538
24309 24457
15294 15926
10492 18891
19757 20563
13215 8325
8561 14552
16695 56
21367 6985
11080 8462
21243 6306
16020 16960
10541 3032
9642 5317
11724 17676
13907 3931
14532 22024
10611 1406
3979 2822
4723 17903
16175 13882
9703 11392
22305 18833
19479 4420
9625 9731
24247 20420
22677 1551
16761 9398
20209 19510
20211 1744
12563 10086
17405 8976
13438 2380
2937 8359
15814 16763
7722 9420
16993 4733
2924 19485
1839 15130
230 4038
17297 2567
9612 22636
14176 15335
17924 22914
3455 17139
8628 14509
23709 1731
7840 20158
11345 738
335 13571
17533 8496
21573 16917
5069 24543
13258 8317
11613 19151
14069 1157
23326 24600
20972 11224
24505 15920
14144 12325
2147 16469
13342 20358
11246 11367
22830 56
9487 21616
8873 6594
420 14282
23771 3642
4199 322
15700 9807
8544 6567
8713 23689
6436 4886
7444 18604
2961 7047
17750 16764
12583 4205
16397 9648
18769 13765
10108 9138
2087 2843
17766 13518
23689 9635
20119 15391
3597 10774
14061 2193
18239 8369
2674 19448
10857 16686
16134 10651
22118 23610
23785 12185
9855 6292
22010 10627
15499 734
2652 3104
24600 19975
17276 24008
3404 6701
9961 6940
19343 18995
5345 16679
3214 21547
21095 7177
13905 1953
1490 12253
14217 12177
5403 17364
5251 4558
7783 3072
4542 12550
4567 1009
15068 21812
21684 18127
1662 11199
20009 5501
7318 24456
11804 11943
2377 13049
110 1889
22007 1993
10309 4687
24138 17052
231 8834
20331 12261
13880 24398
479 808
22160 13278
6807 1511
19738 16817
137 23432
7214 728
16188 5886
576 309
18777 20316
907 10852
23556 1192
21037 9297
4209 22267
11588 18440
9279 17678
248 22601
10781 16183
13780 9392
21004 8219
21946 4850
11748 14138
577 22172
11093 2417
17908 14915
20719 12045
13561 7918
14769 4963
8691 6281
19182 6568
22184 13058
6290 14730
22896 24407
13852 11625
2066 6167
3890 12754
23000 14699
1732 24319
5096 15875
1414 11110
411 348
14269 4678
503 17418
13054 12896
11504 11795
181 21738
11853 6002
14135 10759
17645 13867
20574 9644
15009 9743
11143 24178
13036 5421
8337 23192
6185 14756
3956 19199
20530 10604
5271 7684
10802 6652
14271 759
21816 4783
5284 6507
12011 20772
15102 1377
18506 2889
7171 7898
3082 1694
16747 13356
20034 15708
6917 4169
2789 20108
18445 20770
3533 8329
1634 6943
13792 18152
12485 14408
16925 8471
6232 1999
2675 6290
13753 2279
19024 4011
13130 2616
7743 2405
12831 9949
24035 16632
20077 8624
19621 20431
16230 24295
16032 20188
18789 3537
14293 4290
14874 2097
7470 5212
13139 233
21126 2230
12645 4164
7670 21243
21056 14045
4332 18519
5172 21597
17015 8916
5850 15841
20141 13051
2346 23714
4998 3318
7834 6291
16029 7042
11531 19828
20102 21686
12671 7966
2135 2581
17811 2806
5420 21089
21571 8333
21494 19028
24178 8812
8509 8591
17592 14768
11489 9540
13563 2805
4443 23811
10309 10626
9205 13572
819 854
9513 356
12349 14572
9744 9731
12831 2017
4875 3089
21928 2089
5222 17345
5938 11043
10571 12209
13143 7323
1043 2137
5655 7315
1602 2848
6835 8000
23982 13749
4490 9343
15051 11636
3848 17320
6839 23626
14503 11454
15791 17764
7444 12548
2054 20788
23180 15821
1211 280
6854 20967
289 18775
2864 498
9032 23005
22809 17723
8730 14262
9610 11008
21127 3114
23878 14184
6801 477
19918 16326
3940 3361
11209 12634
11186 16083
12000 20384
15191 11093
18543 12431
15361 5889
16323 3945
9099 19194
19 4326
11244 5363
9723 2376
21988 20392
7096 8926
2304 6341
5727 7649
12791 16412
4057 23927
21701 17616
15511 13133
20259 7657
21416 14013
19035 12913
12021 4734
20361 19670
21093 24060
21726 21106
12790 155
10882 20790
4080 2159
5473 9974
17164 9789
17183 21597
12634 9686
6349 18289
17472 24080
18273 3144
12407 13131
14792 12567
23684 21545
24577 10380
4838 13327
8620 7502
6958 5319
23245 18044
19938 3670
6486 16258
2037 141
14710 17087
6773 13889
18371 10212
16871 17775
7606 18562
15200 7842
9213 7674
10307 20876
4615 24462
1619 12583
7677 23802
13907 5653
3992 3135
7213 19732
145 18070
18547 4298
19910 6938
15907 17934
9530 15240
7522 8193
7214 23698
2513 15378
18834 17300
7064 17699
10063 17904
16878 4745
14088 20640
20652 3929
3460 12463
18588 19165
19474 4879
8624 9022
12224 17345
16318 3871
13464 13593
11838 21967
17257 23775
24519 22734
21140 2752
6445 21500
14217 1676
18245 21496
21016 11066
22384 20099
16229 17807
7971 18219
3403 6595
13711 1013
13451 17225
13307 4396
16239 23963
23914 3621
7322 13807
11845 20135
12987 15362
16424 16212
13563 3376
8977 21786
8349 18655
24399 14439
3079 16565
15116 4576
6954 20516
3825 7570
19573 10674
13945 4351
11200 21631
12867 21127
20282 12252
6161 5973
21309 1198
8803 1673
1335 4018
6063 3995
1253 22965
18883 22833
15445 8963
9965 22455
14040 22591
8020 19148
12155 12266
15074 5369
16388 16112
2410 19719
7093 17641
22585 790
7485 16776
16466 18301
2988 8813
12839 20788
21970 8039
4315 18561
8872 21749
24348 4725
2885 4085
5672 17695
24023 20618
18602 1654
10825 14772
19762 3267
19100 7773
3344 3989
18650 8248
17392 15139
5156 577
13671 17490
17771 11454
10427 17278
10520 741
6259 19040
4686 5286
9202 2671
24319 7582
5211 7983
11501 19448
3094 3027
22672 23230
23242 7503
19700 22564
16533 8388
5606 9004
20942 4483
16377 24574
7223 20590
23745 9283
4647 23038
22528 22378
8273 10755
2992 23804
24284 23546
8189 23890
736 2340
22149 1296
5834 17180
17657 8911
233 24222
785 17857
9219 4679
20844 19041
19189 22664
17364 16656
7324 12328
10801 21036
2419 4257
1423 24508
9170 9629
3063 5918
13007 21892
10211 18626
24031 18138
16536 16693
17515 3960
18439 19305
13008 19793
5693 18682
2299 13155
3112 2984
19044 18771
423 5757
4372 16146
15725 14470
21579 11130
5318 1824
15371 13267
9748 14011
4391 19030
12722 17527
4842 1717
21132 8634
19005 6772
5226 19096
11565 21093
2605 21622
2198 21507
9562 9051
5337 14857
9358 23314
7676 20449
18537 24424
4570 8968
10243 12141
11866 17222
3469 21748
15612 19225
5683 9398
19783 18866
13527 17645
18054 4512
19145 12572
8521 9333
2289 2611
8615 4008
19966 4531
20074 12976
1389 8348
23337 3320
5931 23178
23939 8424
23087 24428
21370 12702
808 22538
22507 22371
7387 15805
2732 8883
23359 18076
14319 3269
10963 21559
2168 16773
16275 6753
1687 254
5981 23285
12741 20565
6906 18697
23546 12380
17717 11447
4757 15618
6692 3445
7965 7262
2687 23199
13498 24340
7646 16994
329 4579
12426 14255
15264 8482
8108 14321
24577 16617
23050 8459
19646 12619
8683 2519
11706 19252
2718 5803
19586 5190
21812 8401
11465 24494
20070 8096
7529 15988
9624 14406
6921 8129
17991 7348
22742 8235
9604 1140
5020 17894
10025 12552
5892 19373
19389 4038
11808 2720
19464 17053
8488 5659
6733 22861
4278 18601
7784 11882
22865 6234
22577 9540
243 9345
12247 19539
15157 22710
10731 22742
21281 12850
4596 22441
4710 2794
24188 24320
23739 24523
23453 13522
2334 9041
2292 9649
13679 7615
10037 12457
9540 3555
11888 13857
8448 17547
18644 15592
20991 13525
19387 13337
5171 10163
17809 12013
9451 6522
6480 14770
12042 20298
1368 21293
3000 21381
8866 7821
11056 11083
13591 5450
12335 17044
8274 20051
20283 100
14702 1109
11614 17809
5477 18204
2661 16007
13149 10454
12913 7312
23705 22421
16508 3031
6234 16588
12915 1597
5078 9643
4959 10764
5683 11707
21530 6478
22725 16479
13031 21198
23432 7461
16949 17045
22470 938
545 23844
7765 3091
7710 21434
17502 19957
16046 17250
7073 15555
1619 6695
13432 2145
487 21888
20662 2129
21895 23755
4679 173
3186 15613
16334 11325
23766 2443
2694 15815
12977 6291
10445 10937
17869 12892
19606 18604
23228 7816
12691 21755
9463 7563
22216 14795
21725 1703
6090 17645
7910 17760
11663 17509
16564 18646
18234 3233
6260 12551
18392 20181
17944 20705
15711 23266
7797 8173
4341 22125
6666 217
6609 10870
14765 15685
3673 19330
2395 18694
1626 13740
4415 8820
13276 17088
6731 12008
1928 21173
5348 3986
350 21969
16714 16692
4940 9322
10016 13624
24258 18369
23453 12716
18512 6605
4933 975
7833 13040
13747 2110
12454 7429
23246 14381
15380 23849
24446 14599
21832 14794
3489 10429
1558 3815
21982 12627
12058 4897
14693 6899
16453 12910
20913 19428
12206 7416
1920 384
8043 14163
3606 20465
16774 17239
18720 8311
6701 18415
21492 17736
1598 22429
996 19884
24261 10067
6920 5369
22988 19774
10080 1020
7712 24536
13161 18231
3237 6734
2441 23314
10836 4698
20737 11397
2219 24445
12805 11761
17584 12434
14403 12547
9217 8263
20592 18457
11658 19903
902 2782
21273 14050
3001 18970
19597 13672
17192 16589
1514 3532
9287 13852
5154 16922
2743 18065
23230 22769
7840 20112
6078 5468
17099 4894
337 8779
8658 14157
8503 14269
15854 17160
15127 7407
21437 9106
18072 8285
6736 11687
19370 15309
4564 5658
6069 20565
13607 20154
5644 8091
24456 7036
5505 4599
9347 15193
6131 12174
5826 3271
16890 427
21026 7915
16148 9408
18361 13587
20887 12107
5403 3962
10755 23992
10868 18286
5124 17911
19712 22646
12521 18270
18145 17485
13309 14390
19702 1884
1619 13439
9754 2657
13659 20336
22342 15656
16225 14213
18235 2086
15283 9064
13726 8924
21246 23594
19069 15328
871 13247
16357 17778
7303 4055
18055 8041
19431 9164
17494 11433
8935 12442
11003 21701
6220 17080
14999 22808
15281 9854
16515 12516
4768 14967
21532 19115
19201 16265
18244 20618
22416 3924
10484 18928
24172 17022
15085 4303
2912 12843
3776 20143
195 21364
11524 11846
14083 10938
20575 103
20256 4770
18969 10338
22387 20571
3239 8824
12936 15078
1228 9614
12025 21666
16961 13952
13855 15283
2623 17664
15818 9238
22588 2896
10009 2399
21391 8377
18213 16893
14835 14444
23958 18172
11391 290
1262 15604
20335 5717
9962 18138
17385 2943
3082 6406
6943 2105
12537 3729
425 21067
7427 11914
11416 3984
6631 10213
19896 13848
3210 11673
20425 9414
7128 18229
15645 7083
12587 12232
619 15200
19520 15565
4752 16101
14409 19888
2647 9946
14 11852
23079 4238
4728 8637
16218 15990
16974 17865
17090 13077
34 762
7113 4057
6540 17139
17315 1377
15542 11830
5285 23401
8296 24119
5217 8240
2875 7228
22953 15815
1119 18841
4483 3837
4049 5311
24124 199
20732 22568
6340 20463
4602 13241
12191 15197
10217 13256
22064 24532
19521 16073
22873 9208
20048 20799
16340 22439
22974 20041
5303 6502
21454 19309
19015 16835
24009 17976
1136 8125
16990 21828
20594 18594
7331 15671
10805 10269
15950 23680
10321 11607
19804 2015
8237 5373
14045 24303
13853 1621
1065 19432
9492 9964
23371 58
14044 24136
23371 7835
15147 8625
19835 9395
1994 23671
8313 5266
7411 365
22166 12654
3656 23819
22174 10860
4447 5329
17322 18619
2850 11772
22543 15096
23145 10092
20627 21136
13760 15021
2359 1335
8563 5041
10421 6462
21131 5523
10532 19868
7732 12511
21158 11091
2572 11746
10803 4471
851 15665
20725 1367
16747 17007
18886 13071
13770 12014
4891 16510
522 22833
9719 22874
22292 11591
17098 11492
6279 18724
16083 18065
10542 12881
17467 1393
491 24098
23156 6291
15062 17613
5762 21977
3187 5629
14158 21973
11695 24262
11306 18407
8153 21108
10468 355
14485 21284
608 20065
18251 22592
23673 18016
14848 24271
7224 5067
5537 4888
10343 22040
10724 16211
5208 15513
20502 16414
23096 11108
11995 5275
10400 3487
6237 10928
12953 13693
22577 18775
504 6529
1792 12084
8404 23110
10198 3065
907 13219
6295 3183
21750 5612
20176 13142
9146 4782
24001 7774
13176 555
9827 4582
5519 12872
10268 7109
16914 13956
176 20417
8181 7131
21338 2611
22783 18848
5852 20218
8680 11377
18970 2053
24535 14952
14841 14554
23068 11026
3874 20625
10004 21781
6095 4507
16043 15031
8138 20342
11073 18060
11066 18514
7598 8348
14641 9747
224 6302
18096 14686
17374 20603
24374 21285
2534 1677
5543 19234
12762 7456
2419 19034
6768 11700
15 20500
13655 7129
5616 14420
21350 6191
14914 11986
17743 832
15924 22738
13789 3332
11494 24512
20120 7761
5073 22663
3213 10397
23472 17169
9920 17647
727 14562
7768 14318
9252 20426
11300 10782
18569 9190
10263 3918
757 321
15900 4283
8274 739
5727 1797
1524 16054
7366 23933
11220 21757
16677 2400
5253 22643
16210 16785
19293 18689
12162 11642
22089 1388
15546 2816
11680 3808
1428 23192
2395 23356
16854 4118
5707 16473
5845 22537
20715 17464
21358 17388
12808 20378
6392 20101
8861 11478
11512 8476
7486 8766
995 6617
18594 10028
20842 410
5169 9524
7305 7159
21371 7250
14879 5254
4911 1208
22261 4523
51 9906
21171 16732
11581 8021
10284 15379
12928 3739
23792 20786
6590 19745
10957 17745
1487 9420
13354 22058
12486 3601
14563 6160
347 5745
22188 3557
5409 8188
20805 970
8369 1808
7705 9179
20219 18066
15928 11660
10604 11611
10595 14378
10805 5016
13617 8643
7613 21655
8856 13123
4368 8081
15469 20996
15233 3901
18917 20628
10470 13478
709 14190
21887 17568
21913 926
2177 3955
277 21278
1354 14974
22050 3423
11855 20921
16214 14183
1735 19762
9633 10326
18553 13275
5811 8917
19061 18217
10976 6599
4896 23909
7879 19105
11521 16893
19244 19002
1754 14860
21347 10558
15940 11678
1475 18131
14667 19424
11064 741
22887 8119
11796 9515
24450 8390
13297 7119
8499 21126
5061 16780
19983 19595
20069 8194
4655 8331
24514 21337
9028 2931
3869 23251
21304 21358
143 23471
9888 10517
10919 17226
8184 17580
10018 13368
20730 5178
5554 1290
15025 1026
17558 16352
3688 18044
15300 10717
565 9287
24011 2928
21098 7558
2460 6261
7842 21874
16888 23018
12586 13901
11782 2321
18186 17210
9041 22739
917 4655
6923 13451
144 32
22527 3336
16446 22299
8404 10785
17451 8037
18868 10399
4534 10882
2468 8264
23404 19952
10244 20448
2856 9540
17002 7695
11729 23242
20641 13662
1463 8677
20054 9875
11792 14936
12357 20842
22321 16979
8389 10597
2668 2907
5518 20592
13882 18365
13131 20577
286 9604
7952 10757
7956 10203
15419 8279
21768 892
10460 23971
9502 19915
10899 21954
19715 3144
3976 21178
14215 19488
9482 21500
8788 4633
24113 21137
1655 19383
13991 22392
8305 17246
11387 15274
1580 22024
2469 13802
11234 1790
15827 18448
14589 1762
13141 16085
18148 18678
22157 2163
18601 5842
5656 17329
13870 7879
22285 22804
18718 23635
22309 13474
4388 16780
21799 9821
11554 2989
13204 3029
19113 24361
21031 8690
16837 18963
18041 22535
16190 8358
8869 13988
22647 6796
16085 18103
20506 6027
20883 15881
8237 11766
7562 17240
18113 6389
7982 18006
9364 18757
13303 756
4997 22938
4074 8986
22118 18474
14105 5110
10067 5026
17490 17981
15744 16817
13239 4943
13216 20476
18401 19169
9104 17322
14822 12634
13792 12870
16543 19271
18038 18401
13117 20054
3165 9404
2265 1050
7431 2679
13289 12720
23882 19673
17176 10974
16109 20713
6171 16229
14234 16752
23762 6638
1551 1799
6176 16226
13578 10129
16659 20636
9533 16326
22455 23231
2836 13940
18130 17592
23229 16553
5662 11679
24083 3289
24593 21854
19484 11172
16696 621
15728 17430
2079 17520
11614 8106
11185 19895
4281 17596
13386 8155
2161 22336
5793 13583
7594 22921
23021 2111
17514 24244
2323 3092
11748 12920
22166 11742
22125 2071
1028 13554
14818 5681
4825 12306
16117 15942
14659 4766
20344 13624
12510 20397
20415 5767
16595 19235
13927 19386
12707 613
15036 23127
8836 18722
23622 6089
15480 13301
24468 14006
23328 8172
11177 3649
9369 23461
11103 2127
3914 15527
14902 1895
5538 16908
10799 3697
5654 12104
13394 10771
4941 6313
1322 18617
9645 19113
1876 21115
14863 11472
11395 8104
10670 12482
8031 7106
17982 20537
19698 22617
11680 6318
12839 10820
4139 20161
3993 8697
19504 6428
22828 2028
24398 10740
6498 3834
23297 7634
10787 12114
22758 18696
16636 19568
19290 17757
18533 5946
18767 11603
13288 5655
21992 22086
10807 3068
16417 17403
21822 14606
21370 23946
7441 5348
4150 484
11398 2302
18209 23832
19390 14663
14850 14950
13335 18642
233 9497
23799 9710
15162 19990
14754 21008
4513 8676
11805 18025
14048 20194
5945 4486
7875 5820
2567 22438
11011 10093
18874 6363
7039 5593
2186 9128
14591 19800
19529 8316
21442 12310
9771 16135
9939 19060
23979 15240
22667 12196
22487 19517
4641 15682
18825 1356
21815 10232
11551 15540
23429 828
24478 14830
1877 13245
13448 14779
20213 1957
13559 9933
13205 20577
14641 17379
22011 18371
20351 21778
4945 11414
18386 12751
16973 10279
16426 13599
1020 3541
19872 17357
8903 3572
20386 20062
13864 24318
14150 8408
8851 20869
8399 24628
17956 8066
10663 23635
7721 15551
5592 8716
22908 13477
16167 1618
18538 19368
5974 3863
251 23954
19202 18935
19596 3975
2099 18186
15531 9627
1869 2925
16587 3902
3003 22066
7231 687
9377 22374
1901 235
21403 16754
13694 138
19229 15090
4244 10196
20221 23658
14982 16173
15097 3974
1052 4961
9409 1126
8580 6735
10493 14790
19807 6497
20028 6550
23660 18522
11574 7240
3945 12306
21883 12809
5687 6093
21411 2717
7462 12438
11866 2538
6653 832
2784 18387
3398 7521
17449 10894
3563 3546
11346 23364
22971 13755
22677 1599
1157 1313
12894 17469
18618 3080
14618 7658
14293 12874
21760 15744
19377 22868
7578 2168
14096 4609
16190 24407
14808 10418
11346 9121
12131 20215
11663 5067
9601 8104
10790 2186
1517 5300
23298 13445
2016 8998
15332 15389
7547 22090
1481 14877
19479 21268
2823 20391
12879 23442
10413 2410
12978 13864
6122 5259
433 10881
13547 8577
14505 9674
3931 3911
6132 6508
16165 14175
10092 21110
108 22886
12028 23416
16196 17482
18496 21293
10006 2515
3908 11111
1391 16250
23397 23927
8463 12067
12133 13786
17026 13519
15538 12526
16485 11112
10208 20044
14449 3278
8785 9550
16145 229
5040 4734
20001 1485
9819 2439
1745 19959
5724 23319
17155 15190
21320 2924
24364 1204
12945 6658
17003 8884
7128 15103
9729 6192
11036 12390
7378 17477
3779 19029
11209 11448
9984 14690
23827 22752
10019 7129
17964 13199
2543 19994
17376 1309
8234 9026
15755 16212
7792 20269
16898 1752
910 10761
24609 18912
7411 4796
6172 9328
22080 22532
18005 6339
16104 9795
4542 433
1692 447
9771 16451
19782 10936
19738 12399
9065 7525
24270 10837
8689 4550
22521 2928
12002 23316
13189 1062
19011 12335
10840 13255
8739 19274
4493 4869
7854 13116
6339 17887
487 18944
10546 13869
5896 14546
24305 5262
20561 10661
271 21991
12152 12086
11507 12336
11652 15921
24202 19776
19228 13801
15799 10553
22103 2273
479 4786
5542 23811
175 5721
4240 22545
9367 9269
10257 4003
20608 11299
1970 17203
708 1411
20667 18111
14475 16410
14200 8355
6208 22481
4109 7375
16003 17302
16176 45
6872 128
9366 16988
13404 15861
4323 15509
20155 5203
15521 7317
6228 23421
22709 10373
13777 22588
13755 8054
134 10805
14390 21028
24442 17608
12381 442
3845 9891
11512 6624
3173 20772
22640 23068
15818 14983
11783 69
20118 17522
6225 12031
15913 1076
18941 9925
13441 2617
10594 15178
8546 962
2164 10822
4561 21709
3866 21424
23734 17972
4412 20937
5472 11445
19513 15150
16648 904
15637 3208
2280 19138
23814 13647
20879 15124
9176 10085
12292 18890
8829 22475
6423 22986
12551 18398
8715 13580
17389 3899
14580 16645
6818 19731
3677 14699
23925 15462
12411 13798
14199 14308
21054 9886
22326 22061
23221 9778
12641 16433
4881 12803
15227 2097
3949 18041
6021 4687
20104 568
9810 1736
20041 2348
24301 5394
9771 1746
12615 12448
6511 7546
6355 10900
15755 6354
16647 14290
15864 9515
2570 20413
5107 5575
15642 8354
2589 9523
22603 1815
24361 5992
19125 24409
12905 17949
18362 16113
16443 2287
14941 15551
5128 9637
7836 5981
20875 19636
16495 5091
17618 19963
717 23422
19408 23990
23956 17817
22426 8026
15532 2741
14759 1684
8543 1546
9873 3700
15280 13954
22465 20669
16299 11582
21443 8473
17185 9371
13059 22369
12355 6794
11727 12428
21483 23435
8484 22271
16456 17797
8284 7461
19982 1647
6822 22296
8089 13101
5796 9638
21004 11907
14391 2448
21337 12401
1492 12584
7856 14242
23320 21904
20520 24301
10688 685
21571 10624
7306 11487
21187 2118
22115 3181
12993 17213
3488 18105
21392 21716
8010 7253
15395 8480
23525 12945
15155 3514
9939 18151
23353 2631
7570 19342
9901 11926
470 7587
15562 7037
7726 20044
1913 18837
18656 22696
21825 16584
6818 562
11341 12359
1682 11744
2812 2337
10183 2278
17903 10338
16754 4401
16155 1558
13945 23759
19778 19805
1673 23014
1392 12605
6450 21478
4360 6369
19228 12227
10073 18193
10059 24617
6625 4009
14667 17975
4699 12898
10063 823
5442 13056
6063 9420
22587 2597
15967 23755
18821 4066
5929 16698
19345 13667
17210 23352
24407 7066
7927 16060
13866 18098
20617 19226
10947 9760
22297 21150
10688 5534
10542 3435
16762 15968
16918 4788
6933 15578
15199 5384
20911 11268
6577 16308
20501 16937
12846 3674
6929 15276
12962 2593
8314 5657
5284 2130
14775 22189
22116 2239
7788 20637
8462 5265
4710 7846
694 17788
6681 753
848 7019
23176 20923
11840 6881
15607 18031
16160 7482
10878 2539
24243 23623
7244 345
23113 8229
12498 13407
6734 5278
16534 6751
3753 9563
426 11081
14753 13674
16404 13332
13532 8155
15587 5159
8472 13609
1356 23362
12803 20736
88 12752
13404 13167
1775 19873
21629 15566
1246 22156
19124 16923
6346 19901
13104 21211
5372 6772
4502 21063
2145 19524
16350 12610
9487 9679
14037 11010
9104 12184
23173 22160
8088 12842
6617 23182
837 1027
4438 23148
27 14550
12889 6607
1942 22752
21528 6438
373 15789
21666 8386
23025 1117
14512 9787
22968 14000
11412 10045
4736 2074
6195 18174
22709 7997
1450 6247
14714 6229
22126 10627
20604 2900
9819 22540
12453 3582
5241 8499
12210 2138
21237 3472
11967 22210
12804 1191
4418 1060
6434 4259
12374 909
1336 13655
22143 7514
317 11291
16937 20170
19048 3613
5024 16449
16655 8495
11041 17234
10113 11073
8878 12755
11057 14026
18744 16778
20668 22970
15170 21709
4369 9740
22648 4237
1236 24609
9676 8450
5099 20031
996 12367
5464 9801
2803 2851
14636 4161
24563 15188
18299 16895
12345 9134
2817 4677
19787 17821
15562 18198
1582 12290
13077 14300
6681 11442
9833 7737
5449 13093
21496 17695
17723 5181
9319 11294
1903 5214
20360 592
1892 7768
5100 11942
22147 14447
23364 10094
20634 4775
22196 19101
2722 24176
7593 15340
1302 4737
18149 8694
12057 8953
12938 1578
978 14039
15292 9782
21537 7845
21519 2058
24346 17076
11094 19739
12302 21476
17294 8203
24088 5196
12599 21848
10220 6273
5470 14297
17958 21913
3151 8528
4430 1374
11928 23470
23713 12578
4536 24283
10496 10224
13581 14405
17003 936
4497 18136
10299 12034
24209 15344
1755 8671
23343 18512
11476 13688
20770 13749
2959 11176
18660 8215
9220 15923
16925 20651
8498 21823
19370 10592
608 8047
17803 22622
12850 19956
13806 13010
20095 13102
8458 11060
6073 19743
12220 803
5146 23249
2245 10350
17013 18978
11379 1704
14552 21995
23955 6292
17272 7040
14489 11108
3856 15302
2784 13562
22490 43
10892 15503
3446 17298
16143 4155
14385 16560
3127 12280
1709 18830
3728 14769
388 5128
23714 17815
8555 9256
23745 9774
16975 6292
22352 16149
13072 17201
23912 5985
13997 7751
9997 7535
4293 14170
2012 20152
4270 22041
10093 11517
16509 9733
6562 5825
10585 7509
17441 16466
7105 8011
27 5897
4882 18887
6455 11871
12894 10946
13116 17550
18293 24596
7140 19057
10317 1879
2231 4792
23768 16837
532 1862
8567 8158
21117 11934
7791 20477
12753 14139
18884 17711
13343 15028
9088 6157
13174 14367
6827 10806
16591 3938
19795 18519
4155 24200
760 24438
2794 18563
5079 8940
5065 10581
11404 19979
10717 4548
21944 12274
7390 13354
13947 9132
4082 4731
793 15709
23338 16896
12824 16353
21735 9189
18347 12499
3258 12720
4054 5021
16979 4285
21734 7160
5953 6274
22246 17067
3931 17452
8129 607
13113 5513
6723 2200
15319 3056
23821 24478
12854 22726
17408 8110
22898 1669
94 12016
3372 23937
1105 3186
4563 19581
21448 20516
8748 14525
3331 21960
352 8609
3044 8966
14525 18843
17434 23615
20977 4683
24304 9258
11028 17395
6606 20186
1928 15198
20463 9803
12168 436
18628 18646
1751 13850
9589 24074
15198 20469
12048 4846
18796 3011
10123 13270
3666 14198
21422 5008
16905 4516
1213 20019
9104 22516
14067 9667
6432 15593
15259 5951
12442 2022
4094 17236
6285 19886
14975 840
5203 23926
9841 21144
5635 22411
14145 7182
5564 13551
16798 23288
17676 15083
19013 284
4595 3896
19602 7463
85 11081
13263 11589
2814 21709
8503 24618
17683 13359
10413 8560
10410 7409
24131 3455
9786 23523
11743 11465
11909 23407
22845 21463
7763 23693
12936 7980
14088 10667
13445 23907
22105 14494
23516 974
14245 12500
1930 22732
23218 19292
21064 16200
23362 18244
16341 13739
3130 24365
22886 19836
11654 8924
12423 2776
16738 21188
1961 5335
13263 15963
18861 1334
10295 1459
15791 22245
3914 19569
10932 24361
1320 5279
7618 14016
19475 6167
9942 15066
7995 18720
9426 4648
15554 7324
18176 21285
20078 9524
12603 21897
14326 22171
21338 8714
4670 2151
20348 6142
18695 14116
17897 11912
5314 3527
2509 5071
21720 22899
21817 18853
24039 16043
2747 18906
5558 7886
3127 18108
16725 8702
7692 15223
3612 23038
3942 9341
21012 9206
10611 21480
2326 16780
24171 18463
19279 16577
12574 23279
3355 15491
13489 24525
9535 13850
12249 3424
4752 6180
3881 11147
20721 16977
17094 21386
14683 6042
3344 2943
13819 21252
18039 23347
9835 22130
3172 2360
8581 17292
4242 11583
4234 15310
10249 15868
5664 21353
22049 574
8792 19890
3958 9766
18581 10687
21035 17850
14134 16713
22263 12015
23157 8076
491 20674
12472 3512
8879 20516
12880 3415
20239 4738
4349 19478
13629 4383
12148 14417
16736 8903
2077 9186
12858 11365
1504 1711
15482 24507
2532 5242
21723 23834
21191 806
4699 14815
11137 13632
857 15094
21057 14883
23989 16606
5006 3449
7371 17096
13307 10373
13338 2516
22855 16212
6652 13481
1280 7663
14216 16160
1721 22117
10882 10765
1548 5510
8449 20
9795 10493
256 12948
19482 18563
9167 20077
8125 18407
13368 2663
9404 12825
24602 21757
19807 22716
6293 16032
20870 22923
17896 10056
23427 12081
23289 360
2308 15120
19536 10484
954 22602
23751 450
12336 14053
6742 7863
465 20871
12260 8411
5334 6107
40 3590
6351 7833
2697 3127
23468 23908
19352 24145
21251 12313
8005 22193
9670 16342
19714 14218
3482 10936
6198 21781
16104 11023
16780 16441
9214 12054
3898 6129
23201 17546
5894 14270
18730 10679
2472 7964
11734 15631
14130 21724
19190 12493
14710 20995
21285 13524
10514 1001
6026 24040
13865 9112
1689 2100
15269 22466
13554 21220
9007 24146
1087 7465
5197 15003
5325 23395
4755 5211
20029 9541
23075 11103
2264 12819
23689 9654
22473 9997
6219 315
4745 16789
18972 19539
16328 14442
10078 14087
11326 12636
23999 7668
15237 20168
2334 1838
18403 20178
14401 14562
14830 16128
5443 8980
7003 3051
13704 11591
16166 14511
7505 14394
6161 5024
1855 16674
11908 8256
2906 12324
1433 2645
20848 19157
4030 11953
3932 23620
13377 938
15784 13451
15100 3280
15213 2270
15386 13867
24121 1903
22813 4207
13050 9162
16946 15225
6280 14490
4210 6851
7437 17605
10553 1352
4828 19371
2236 15945
11561 8805
9482 9739
4088 3878
15721 9877
12649 19326
7822 433
8965 14882
21738 8329
20351 19216
23889 22747
7942 14578
17064 3649
21654 8653
23879 19176
8048 5313
14351 2251
12833 13539
17936 11442
446 13652
14411 4342
11991 12660
3911 14671
22625 6996
2579 13993
5601 20863
3075 21532
3701 7102
20990 13846
7511 5230
17682 1768
10647 14646
12606 2657
9942 20183
20984 14089
12480 4473
12878 19196
3589 9900
3651 19992
18134 4406
5644 22719
2672 9441
6178 9236
12424 266
13891 20889
17490 2937
14744 18480
18040 5892
6142 24323
5231 6482
18227 844
2655 21598
10485 10639
18457 3613
16081 9749
22950 23595
10121 20957
3976 1877
1776 19618
24323 6517
19581 9851
17932 13784
16813 2021
2313 14543
4611 14882
2459 8498
23585 2857
22708 15481
16663 22158
5499 18506
8398 7902
19561 1145
12482 743
1640 16479
20192 2635
13828 18288
15405 23814
16620 1979
5017 13559
12772 6264
2213 13949
6404 22401
17640 1918
2657 13934
21834 10315
18920 18865
5534 13255
17133 16360
8582 19470
13770 16511
4545 13887
12319 23969
8668 8196
3386 4184
4703 5543
10204 22318
1001 8226
2105 3004
3147 10575
7958 4673
12056 15466
13128 13426
23763 2441
22617 1774
4085 9500
12379 15435
10169 23828
10602 18246
6800 2010
12538 20515
7270 2327
4371 17351
20570 7483
10006 13996
19182 6787
13624 22332
6626 4976
24204 23511
9156 1363
10228 16772
20260 14656
5514 15963
12133 23501
11313 22402
7931 24290
4015 7256
18526 22595
9132 1736
20676 10235
4021 9985
11721 1786
14258 20705
15743 4028
6853 6396
15701 8079
2944 13157
15055 21598
11400 3443
7177 2329
13939 3438
14102 24421
21462 18536
12300 7959
17424 4363
18545 611
23931 11185
3986 1869
19982 19991
11339 14949
9397 12279
1379 20363
7393 23496
21906 8383
7962 9292
11767 15238
1346 20590
19726 646
15599 15259
2160 24221
6667 1038
20558 6103
21799 13543
3713 53
11474 8176
2065 11706
14620 5658
17309 19772
784 14111
19189 23884
8683 16908
22752 12291
4889 17384
17789 19090
23610 12874
3220 19923
17969 4200
1284 11931
11644 16741
4166 11298
15051 24421
11219 1140
4808 23238
2175 233
21946 24396
16108 638
11290 14563
1383 9448
1772 24159
8029 5170
1992 23744
13080 1810
8101 12282
15369 19195
10072 1728
10012 5798
540 12836
7875 2608
8902 24356
8831 16068
6173 228
993 5580
14875 6434
19094 19125
14943 10542
7907 11051
19838 15245
24438 5366
7763 16117
11917 13671
22685 17265
23813 24422
20318 6747
23313 7866
13299 15728
3543 20725
11952 4259
12523 21333
7198 16508
24221 20235
6954 5467
18819 8138
5924 10531
14092 22811
18071 17980
191 21377
2139 9253
13220 9166
18516 14290
2361 6027
16111 22593
13139 21263
23 5084
16696 24557
16584 20551
10039 23761
7119 8918
4719 12675
9300 9889
6587 3446
5297 19672
486 18417
12839 20493
432 21574
6027 14915
16019 19775
12967 21585
15551 21211
15470 14098
2905 4479
18058 13302
18625 16475
20228 13754
3671 24160
13011 1625
18827 11194
20543 9820
14384 6614
5304 3380
11477 14500
11802 15006
4368 13010
20114 8066
14659 14165
22464 17861
21882 12856
1866 22317
23793 23475
18984 11484
13587 22856
21414 2847
20938 15777
9463 10472
2183 3709
18716 3443
8435 13524
10291 21450
7916 10189
17450 14759
10028 15809
3800 18821
1157 66
20402 18740
11389 237
8429 1584
10519 23237
11690 13185
11249 20724
23376 10007
1750 8652
878 23032
20397 20970
15542 11307
17691 23455
21191 11837
819 484
2664 15461
20724 20117
1839 16285
1399 17917
7933 23368
9948 11130
14054 4571
15629 4712
7884 3197
5076 7709
14602 13039
13877 22381
9714 4340
9218 23150
1294 14810
5092 20310
13232 12307
2719 19181
12069 2964
12835 463
12505 8479
11416 6452
19603 18973
20616 16855
17976 16818
22923 23643
3052 20163
6255 4689
21662 9749
7626 8325
13341 798
17735 7994
4960 532
7576 7443
12077 5487
7691 8864
15542 3956
19914 8615
2910 1206
16337 9043
7575 20099
9953 17459
17947 12635
5595 23073
12634 23756
20177 21982
18354 8412
3881 22343
16664 18283
8076 20326
4564 19909
12830 15442
20422 17393
18749 14713
3959 24310
1535 21334
5315 19023
12825 22865
23332 20243
13645 9558
1256 9591
2468 9971
22681 7857
22875 1373
22428 3595
19461 7432
4330 19672
22460 13981
23164 15520
903 20033
1194 8306
22875 13707
23512 10404
18984 1668
8658 7797
9779 3584
8979 13060
17727 700
17850 8957
24373 19756
19289 22821
18392 19966
5367 6974
21165 16054
5383 4174
15560 6244
23980 11671
22300 15077
2869 12675
6292 17696
5557 7910
19378 23269
11514 23699
15936 18995
4303 3650
5913 21771
7599 18990
12449 5591
12608 16338
2312 15808
5351 23078
10229 12888
12910 3865
16215 10644
1143 13524
12839 801
209 15956
15934 13874
11487 19679
11940 22160
15273 24099
11436 1209
11456 4587
22914 17975
10486 13799
9410 22805
24474 17682
23905 3423
22282 1718
24594 18731
9536 8647
13694 9406
10004 24620
13036 23019
100 23644
23586 10966
17120 12867
16894 11508
7975 24162
22117 12768
4029 2733
21953 16401
5748 5252
22136 23908
18463 16126
2786 1192
10900 13291
21012 13322
18563 7615
23631 14716
18752 15149
20380 349
11911 12742
24060 8230
815 3469
7428 23984
15269 17035
19709 14243
23634 22193
13270 16753
1377 23300
7807 6223
13427 2143
20145 675
16923 16043
17667 16341
23222 18266
12422 19345
5955 6478
12233 20360
16180 9329
12135 17052
24527 10586
11893 15430
10579 23050
21262 16639
7612 2005
12650 24284
16208 19737
876 21689
5636 16056
18336 6758
16618 7595
21320 24529
13038 8334
3717 5245
13750 4548
19741 23139
13887 19685
4070 10022
17641 1335
5892 22095
10675 6399
8797 6699
23250 12589
17103 1035
20537 23251
14355 19861
226 5744
15506 866
13478 14617
23972 14131
15200 215
5230 16518
7257 4161
10524 15337
4207 23546
22756 12558
20325 14849
13744 5446
8194 3559
916 19428
6080 22605
12764 17363
16489 21917
10148 24606
15237 21381
13525 2368
5115 2435
3745 16305
17705 22625
21337 5908
1228 17252
14588 19379
22692 24352
1927 17394
14232 20115
21470 6648
10319 23414
685 15218
7068 3926
20605 7488
22230 6033
8193 20645
15353 3510
7660 14202
12075 4759
3724 18516
19554 3724
12492 3513
16372 10414
19602 1897
10034 14581
8606 789
17571 5370
716 19079
14979 17984
22355 1372
19234 16141
12152 22595
18189 15246
17973 10936
13057 23376
2024 267
13933 4820
9112 3009
7652 10927
5209 11620
12335 13670
8642 18130
1311 19042
10241 13365
24510 13629
15700 13290
6697 13791
5560 5266
12461 9852
14942 18097
18390 736
21047 430
12435 9202
15855 14359
9999 4972
19371 22855
4245 12406
13650 12538
24200 14007
1242 14988
10414 1018
12015 17601
21722 14396
16330 5778
13205 14382
12371 14942
8989 15694
12190 19259
5593 9315
23210 19899
3977 10103
6936 11292
4745 1561
22605 22569
24470 16919
24072 9186
1872 22911
10585 6038
22792 7711
17847 10190
11906 782
15078 12795
22872 11220
20421 1224
16072 6492
11181 20804
832 18852
9460 259
5320 17104
894 2025
12485 7820
18031 10536
17810 3876
1478 7686
6617 14716
14291 5447
6085 5268
5060 6902
19517 19094
21040 3748
20212 20895
9856 23632
1957 19765
11092 19028
4726 2588
18659 9063
9001 6321
3196 3924
12250 3125
265 23855
2141 21859
6910 3191
23278 19440
10065 7391
8041 9139
7486 8572
1656 20146
22504 21082
15013 4070
5667 17529
201 18959
24470 14630
23757 5029
20508 19507
21823 10706
8298 5289
18088 23463
1085 23248
15839 10672
2660 15480
18594 1744
18486 7595
20908 15306
20937 13749
15718 3393
13231 4135
12794 18318
9806 18586
18532 12058
7267 10528
14496 4325
23517 6118
22937 657
22257 14995
21182 11393
22425 21425
6635 2680
19026 9454
12300 4162
15920 2909
16260 17539
1795 8598
20877 1433
18000 16535
2526 200
5069 9886
18317 13957
14319 19307
6875 7227
14430 16935
221 926
23316 1455
18105 17521
9200 12834
15824 3206
8506 5658
9838 16134
10939 13534
20028 20292
16202 16506
22460 6946
18538 2194
20910 17060
19569 10559
18453 20903
8556 13046
3526 14257
9313 8366
18130 15697
13027 16744
16864 20828
16961 187
18063 5817
2109 19706
12943 6892
20168 6002
12626 38
21649 25
164 21247
11852 1678
18891 7759
21026 16506
18062 9842
10092 1313
648 13328
13750 16230
8834 21619
16701 12521
14583 6707
19401 1105
3392 2748
11719 23837
6940 17450
5067 10011
10950 20676
4191 19197
11871 13319
23531 15962
14151 4028
21769 20820
24526 20841
2545 17701
8993 11706
4811 18932
13294 14660
23807 5407
1333 14448
2436 13263
1151 24264
23281 21087
10662 9945
3853 4508
13426 6849
9651 216
15641 4199
17435 19653
22487 16567
20284 5447
365 6049
11837 21372
7337 24044
16875 17079
9849 23990
11635 4241
11812 1970
23785 24352
23036 10026
12731 23415
9476 16081
9848 4749
3973 7426
10578 16910
21819 10294
10125 12218
12765 4498
9350 9104
18601 17473
4374 9606
540 17976
22886 490
13444 2490
11719 16782
4497 17481
11409 15765
3402 5202
10931 21714
8064 23528
10471 20911
24538 24017
6180 5913
13275 6872
1649 11250
11876 9686
17740 5388
19659 13710
3464 6808
15651 19545
8658 22075
10159 2606
6660 20511
5442 1131
9522 11915
18968 15175
16271 8504
11785 21184
10871 24205
8681 18688
16227 7387
2725 3124
208 17881
3855 11488
2096 19675
1361 136
10320 8322
6595 10958
10942 4272
584 19734
16182 24504
8205 4357
2084 20734
14423 9417
10273 24582
20463 2864
13177 7174
18468 18769
8406 22423
11902 2103
16234 24274
2194 23935
5160 7988
21832 16063
