1
70
13 22 10 20 2 34 40 68 52 16 64 71 24 56
18 6 30 68 60 56 4 38 70 42 52 10 26 24 14 16 40 28 34
32 36 62 20 38 6 66 1 28 34 22 10 54 64 26 2 12 50 30 70 16 24 4 8 48 18 32 44 68 56 40 42 60
20 66 32 44 26 20 8 6 18 60 38 62 64 54 16 28 48 34 50 52 14
30 70 18 64 54 52 1 4 34 22 12 38 28 14 24 48 6 44 66 2 46 40 58 50 8 62 10 36 30 68 32
15 4 24 64 52 14 16 30 48 12 70 22 40 38 46 26
26 16 56 54 46 62 24 34 28 42 38 8 68 40 44 70 32 18 48 58 36 30 60 26 22 50 6
6 32 52 34 58 60 28
24 42 2 36 38 68 44 16 48 24 40 1 12 30 32 56 50 26 70 4 54 28 22 52 66
25 1 64 52 60 42 54 40 32 12 22 24 30 18 66 28 20 62 2 16 14 26 48 4 56 38
17 38 42 6 52 62 48 16 68 34 4 40 2 50 24 30 70 14
28 44 26 60 48 6 2 68 38 28 4 18 14 56 54 40 34 42 52 8 20 62 64 70 66 32 24 30 36
9 14 6 32 4 56 8 62 58 42
25 26 66 38 10 52 30 64 34 6 1 62 2 70 56 50 28 12 58 46 68 54 32 24 4 60
5 14 26 4 30 62
13 60 54 20 40 70 10 62 50 26 1 44 58 28
10 22 42 36 62 12 46 44 14 6 58
19 48 32 62 54 46 42 66 24 22 28 6 44 8 60 71 36 38 20 64
21 46 60 8 38 30 28 10 24 64 62 4 36 58 34 48 52 20 16 1 44 12
6 24 54 68 48 6 8
4 34 60 8 46
3 32 68 4
31 68 70 50 62 1 58 12 10 26 42 24 28 34 30 56 32 52 54 18 48 6 4 36 8 46 20 66 16 22 38 40
14 66 16 34 64 52 42 6 70 56 32 44 60 12 18
28 4 46 38 60 16 20 70 24 6 32 10 68 22 14 1 44 34 48 12 52 56 62 40 50 26 28 42 36
31 1 30 50 70 58 6 62 18 68 28 44 16 40 60 36 14 20 22 32 52 64 42 34 8 12 10 24 46 54 4 66
24 30 46 68 44 50 18 2 56 6 42 20 34 12 22 32 8 60 48 14 26 66 70 1 64
10 16 22 2 12 46 26 50 54 44 64
28 48 28 30 46 4 8 6 60 66 58 62 32 24 12 18 14 50 20 1 68 38 10 36 64 70 44 22 16
20 26 38 18 6 62 56 28 50 8 66 4 14 36 54 40 46 12 42 10 64
28 40 36 16 42 4 6 50 56 14 64 8 22 12 28 60 68 58 18 70 10 20 2 66 54 44 32 26 46
22 54 46 58 22 4 52 10 64 12 28 30 36 24 62 42 8 48 40 44 2 20 56
6 1 30 66 24 10 56
29 28 62 68 48 1 60 56 38 2 54 14 26 32 58 44 10 50 66 52 6 64 46 22 4 70 8 36 40 16
23 50 8 52 14 60 18 40 20 10 62 22 44 56 48 24 70 46 68 42 26 58 36 12
23 24 40 56 34 50 58 26 44 64 54 30 6 1 14 32 46 60 52 68 4 66 12 28
31 8 32 6 48 46 4 64 58 18 30 68 38 34 42 10 20 40 44 56 24 28 12 1 16 62 50 52 22 2 54 14
20 2 10 66 46 14 16 28 20 50 32 54 24 64 70 6 22 4 48 26 56
27 34 68 62 22 20 2 52 6 42 12 48 70 1 16 40 66 46 58 4 14 30 56 8 10 32 54 60
23 22 12 42 66 8 64 48 30 56 2 62 16 46 32 4 70 1 50 10 44 54 28 24
26 4 20 18 62 2 46 54 34 66 68 16 12 22 44 60 58 36 38 40 1 48 50 42 26 6 24
26 16 40 10 32 14 24 66 46 12 48 44 30 1 64 26 68 6 22 18 50 52 4 62 34 2 60
23 24 44 38 26 4 1 64 54 22 56 52 48 60 34 16 12 40 50 70 42 28 46 68
7 68 26 8 36 28 66 34
32 66 20 24 16 42 18 34 8 40 1 70 6 68 26 44 56 2 22 52 14 58 54 38 48 64 46 32 36 12 50 62 10
21 20 70 22 36 2 64 32 10 62 66 50 68 58 24 1 28 60 56 8 12 48
28 20 58 34 56 24 6 18 12 10 62 14 66 28 4 42 52 40 46 36 30 22 70 48 54 32 26 8 2
27 56 30 1 62 46 4 54 44 36 64 38 2 40 70 22 34 18 28 26 42 32 68 66 16 52 60 20
30 18 1 20 66 48 32 22 46 10 26 34 44 64 6 4 24 38 30 52 14 62 70 16 50 58 42 12 2 68 8
1 60
19 26 16 6 50 18 30 2 28 38 36 42 54 4 60 22 48 64 14 46
26 16 24 40 22 18 30 60 10 70 4 8 68 36 64 48 20 1 28 58 26 50 54 34 44 32 12
13 44 1 14 64 46 20 30 68 2 62 40 52 38
30 24 16 46 48 68 56 30 50 18 64 2 12 62 6 34 28 38 70 44 32 42 36 26 10 66 40 1 14 8 4
26 48 38 28 1 6 56 10 58 60 64 30 26 62 24 46 18 44 4 34 2 36 12 32 20 66 50
28 18 1 14 20 6 26 32 62 38 16 22 46 10 36 4 44 8 40 66 54 52 70 34 2 68 42 24 48
16 22 64 56 68 1 40 48 70 36 60 14 46 6 44 12 30
31 56 12 8 1 38 18 70 50 10 20 34 46 6 14 26 54 28 42 62 44 40 48 2 60 52 24 68 30 4 32 64
31 44 26 68 70 50 18 8 36 48 4 46 34 32 14 54 38 42 20 52 64 2 16 1 62 28 58 6 60 66 40 10
31 42 68 28 22 36 46 6 38 16 4 2 30 34 40 44 66 32 8 48 64 62 12 52 20 58 10 26 24 70 54 1
23 10 14 18 62 24 44 58 20 54 30 2 42 50 60 70 34 64 52 46 38 68 28 26
13 8 46 40 1 20 38 58 34 16 18 6 54 22
27 14 16 46 50 58 34 24 26 20 8 10 52 64 1 40 66 18 54 12 6 30 38 2 42 56 68 70
11 4 32 6 2 60 42 8 24 30 46 22
32 42 12 40 64 6 50 36 54 38 8 28 46 2 1 58 60 34 70 66 52 68 22 30 44 26 10 16 56 48 62 18 24
6 6 68 56 40 26 28
27 1 38 70 58 28 42 14 52 8 32 30 54 20 22 12 18 24 6 50 62 34 68 16 4 40 26 36
32 12 64 1 38 10 28 30 16 70 44 6 46 58 18 20 8 50 14 26 62 66 22 52 40 24 36 48 34 4 32 60 56
19 18 44 14 70 48 30 22 46 6 1 62 20 58 42 64 16 68 28 24
23 40 28 52 42 68 18 14 2 56 44 38 64 10 20 24 26 60 54 34 4 48 58 36
23 20 6 12 16 38 4 28 40 52 1 46 34 50 10 22 56 60 66 32 68 42 18 48
0.0217 0.0247 0.0136 0.00978 0.0268 0.0234 0.0136 0.0115 0.00723 0.0272 0.0251 0.0153 0.014 0.0196 0.00766 0.0187 0.0196 0.0145 0.02 0.0251 0.0187 0.00298 0.00936 0.00595 0.00978 0.02 0.0213 0.017 0.0268 0.0217 0.0217 0.00681 0.00851 0.00681 0.0162 0.0034 0.00213 0.0251 0.0162 0.00255 0.00723 0.014 0.0259 0.0119 0.0017 0.0115 0.0162 0.00766 0.00468 0.0213 0.00255 0.00595 0.0123 0.0128 0.0272 0.00766 0.000425 0.0119 0.0264 0.0017 0.0211 0.0221 0.008465 0.0115 0.0149 0.014 0.00383 0.0272 0.0128 0.0111