1000
53 6 61
37 65 24
0 15 62
43 82 22
45 39 23
8 64 34
61 95 87
22 84 76
57 75 37
26 92 27
52 39 2
23 36 86
8 88 1
13 42 34
54 99 95
100 17 30
1 74 53
14 58 26
5 20 37
13 17 1
73 60 73
38 91 22
62 90 75
41 48 10
59 60 85
84 30 23
44 19 7
16 20 69
58 36 22
49 18 95
1 12 64
0 2 42
56 30 6
18 56 55
16 5 23
60 52 78
79 20 6
44 71 96
18 28 91
17 63 22
45 4 63
53 86 23
55 3 20
23 35 44
71 8 8
74 73 98
65 46 89
21 61 42
34 85 73
13 78 5
95 82 27
90 47 68
57 76 70
9 67 78
48 64 69
76 70 22
70 16 5
15 12 1
34 27 91
8 44 91
66 26 38
12 71 89
69 44 38
42 62 90
91 77 4
30 5 55
58 16 65
46 59 25
2 32 95
38 20 36
5 36 8
28 95 81
41 31 52
78 12 41
8 92 17
57 71 100
55 94 47
48 38 28
19 15 33
23 24 41
44 27 57
35 35 60
13 64 42
59 46 2
44 4 23
4 17 11
0 55 55
77 21 90
99 61 22
51 57 31
54 93 10
91 25 16
48 48 69
25 54 15
15 100 82
100 1 1
10 72 100
46 74 16
11 32 65
61 65 100
23 7 39
99 41 62
59 19 85
61 71 58
60 87 90
34 29 37
53 97 9
0 42 24
28 89 30
25 69 7
27 69 53
99 62 71
27 61 19
82 47 30
5 42 25
31 11 66
100 84 72
58 27 76
46 13 25
69 39 59
22 41 17
7 54 41
71 75 75
38 100 15
0 34 29
55 94 27
85 13 84
81 16 88
37 2 41
57 98 14
34 68 35
100 98 41
95 24 55
90 37 82
29 42 62
20 56 69
93 85 66
57 38 52
72 21 28
75 37 68
65 18 82
70 29 55
75 63 74
24 81 77
55 99 81
3 83 27
34 78 21
50 96 59
77 46 25
6 54 76
89 99 82
97 44 60
79 48 76
39 85 37
49 86 5
28 62 38
59 75 32
91 35 47
66 43 12
84 79 48
7 52 33
49 97 30
52 69 42
66 17 16
79 26 26
57 85 91
20 62 88
99 3 95
68 6 13
22 21 46
41 9 44
78 28 15
31 20 6
62 17 11
57 53 73
22 88 73
83 56 97
63 73 6
28 12 87
100 76 79
10 33 33
5 34 58
58 18 38
26 2 42
3 89 85
67 14 93
99 70 27
81 38 96
98 42 24
67 60 11
4 79 33
60 4 61
80 5 56
45 24 7
10 22 55
91 86 25
73 43 35
66 25 14
38 18 74
6 54 76
97 14 17
47 74 14
80 2 41
42 93 63
91 9 77
87 70 20
61 34 14
5 100 52
31 43 35
100 37 76
61 55 7
34 21 80
20 28 98
11 69 57
68 23 60
5 66 37
100 97 2
81 45 30
7 55 85
29 11 42
5 4 81
23 60 91
25 40 82
86 89 75
95 22 15
75 2 67
6 33 77
21 94 36
93 28 75
61 85 22
61 6 25
10 34 82
67 48 15
0 53 42
96 100 18
35 68 35
30 74 67
62 48 83
19 53 6
25 2 9
66 98 21
57 28 81
33 60 68
90 14 81
53 48 96
1 23 28
45 94 28
54 72 3
3 96 47
20 11 46
33 39 73
57 64 92
3 38 18
13 94 70
44 7 12
7 55 65
49 11 58
65 19 26
60 100 78
45 58 69
55 55 17
30 17 52
65 48 46
10 67 92
74 83 52
36 42 44
50 45 96
37 33 85
17 26 74
8 78 93
30 5 25
5 21 40
75 96 31
12 72 15
27 56 28
94 11 37
82 32 14
39 5 87
46 18 82
54 28 31
75 46 17
38 10 22
23 7 3
20 41 6
39 62 18
60 81 83
74 13 7
95 88 7
23 8 13
45 54 78
64 70 73
75 9 23
69 62 92
31 40 41
28 74 83
82 28 71
99 13 4
16 53 10
43 72 63
41 20 71
70 72 24
86 98 75
64 20 30
12 55 55
50 95 41
11 60 98
98 85 38
25 60 20
10 55 27
33 6 28
83 88 33
8 100 13
53 90 67
1 42 57
85 93 63
41 5 75
19 59 93
100 9 27
6 74 32
100 45 18
39 68 89
6 90 7
0 27 62
59 30 95
18 75 8
53 77 48
37 62 67
80 65 25
84 40 70
48 46 58
4 25 17
15 29 66
68 23 92
85 2 99
75 69 6
62 86 17
52 58 41
50 91 58
39 62 100
12 85 59
7 78 53
29 25 59
23 21 97
91 77 63
84 74 99
82 20 52
69 11 77
75 53 41
79 40 83
37 87 8
20 46 63
77 75 53
41 12 92
99 77 4
78 71 68
1 55 20
56 65 95
43 47 33
8 90 85
0 10 42
30 44 90
53 85 73
47 52 75
87 37 94
62 44 84
38 86 11
100 66 7
79 48 79
70 35 40
31 3 8
8 61 3
96 97 9
74 35 91
13 21 19
3 66 73
92 3 36
85 7 21
12 8 16
27 23 72
66 92 12
59 82 94
32 10 75
0 33 60
85 9 98
28 75 45
58 20 22
73 93 3
10 37 85
34 14 7
24 98 37
42 33 100
12 100 82
100 39 9
82 47 46
92 38 94
5 77 3
97 76 47
39 72 57
86 41 9
46 69 58
42 93 80
70 59 36
91 86 32
25 74 22
26 4 85
57 14 13
97 40 88
29 75 87
33 69 55
5 97 10
68 85 59
77 75 10
75 12 4
35 29 87
96 23 25
20 71 63
43 97 35
12 9 17
29 37 5
84 93 54
64 81 11
86 23 47
1 45 6
40 29 19
72 53 57
59 43 87
19 25 7
42 7 15
36 54 38
55 4 97
18 13 17
28 37 95
90 22 23
98 29 77
67 23 25
52 44 12
18 66 28
5 74 9
35 8 16
66 89 30
42 35 78
23 79 47
96 46 9
36 98 30
1 23 57
33 24 78
1 87 21
61 9 64
94 75 65
74 32 16
78 3 72
78 22 46
49 47 74
73 91 41
54 13 86
57 87 8
55 94 1
7 68 97
90 67 82
18 82 44
64 82 82
80 25 64
0 65 91
10 87 38
83 81 21
17 43 82
77 76 20
31 47 82
31 11 98
92 40 17
98 41 60
2 64 93
54 8 62
16 93 89
74 32 14
84 90 1
35 43 32
16 81 80
23 7 57
45 3 87
61 58 61
69 25 52
21 28 21
85 55 91
33 61 4
62 17 79
52 71 59
37 43 86
29 23 13
16 88 96
67 45 84
30 15 68
21 57 20
92 100 81
1 94 5
16 74 2
71 81 41
93 8 68
25 24 95
38 15 17
18 18 95
81 64 71
76 86 17
7 29 92
49 73 97
27 86 68
42 67 86
46 26 68
55 2 71
6 36 66
84 79 77
77 88 1
30 41 28
54 6 54
95 11 94
63 75 34
13 62 69
12 25 45
86 92 88
77 89 75
44 52 32
91 61 19
99 91 5
2 100 54
13 46 10
5 92 68
81 53 85
2 94 46
4 45 66
15 87 67
86 7 52
63 47 47
67 77 35
38 73 58
48 21 33
97 83 99
82 87 30
19 13 36
54 53 91
67 67 62
21 1 14
54 7 5
52 68 11
34 78 66
34 16 89
14 30 25
22 28 37
2 21 41
13 62 100
87 57 12
94 41 86
7 21 17
81 14 29
40 79 88
66 69 9
19 77 96
28 1 34
94 54 91
51 61 55
83 83 38
2 36 39
75 18 15
50 22 39
48 62 3
71 83 38
33 44 96
8 34 45
80 78 67
6 57 10
58 86 97
67 12 75
17 6 40
79 29 41
21 63 84
38 68 94
59 22 76
97 7 12
51 22 21
45 70 62
55 68 37
96 10 58
83 41 63
64 16 62
83 77 98
37 59 59
18 75 3
33 29 79
86 15 32
73 6 68
28 53 36
22 54 16
63 4 15
81 69 83
2 72 59
75 30 25
87 20 40
33 34 86
2 67 55
35 97 48
67 88 33
76 87 22
6 26 84
80 80 99
73 44 1
24 29 11
98 87 25
33 12 86
35 71 80
84 79 64
75 71 84
82 89 7
83 39 80
61 11 97
8 31 78
16 58 27
13 55 55
98 96 13
11 99 88
74 9 58
45 19 56
25 93 2
26 57 61
100 18 7
37 21 1
13 15 91
61 63 52
75 31 59
75 79 54
95 61 13
91 65 22
97 61 94
67 1 56
16 20 13
55 37 9
73 35 23
33 18 17
65 77 76
87 5 14
87 63 16
12 7 78
24 57 38
63 74 95
14 36 81
65 34 26
40 9 35
89 37 94
32 94 82
20 2 14
42 8 52
76 47 70
84 32 46
27 97 67
72 40 83
59 89 41
74 3 72
23 17 75
93 37 34
45 83 96
20 46 39
59 75 48
10 36 76
43 44 59
84 53 47
40 5 31
95 53 33
20 94 40
30 60 84
94 30 67
93 94 28
100 47 93
73 67 79
17 69 21
17 36 76
48 55 54
41 67 73
6 90 18
85 68 41
39 42 75
10 86 69
32 96 39
94 20 21
32 15 55
91 24 30
95 20 58
22 75 38
24 60 67
36 67 58
28 46 55
16 39 79
84 58 56
44 31 91
17 89 70
51 26 61
96 95 29
33 84 61
53 100 79
47 68 48
41 85 37
41 97 37
56 22 38
53 70 66
11 99 92
14 33 90
27 81 7
51 76 26
54 84 77
16 96 54
98 55 70
92 67 54
29 81 85
47 88 70
58 99 46
55 12 25
74 35 78
63 42 23
97 88 98
4 92 13
95 23 15
95 44 79
100 64 45
52 23 15
10 19 4
46 13 17
90 77 46
87 66 72
21 6 39
84 71 12
75 28 25
47 2 34
65 81 74
55 47 53
50 27 13
38 31 43
69 77 100
38 36 53
62 46 8
0 20 21
87 22 56
37 92 57
53 52 65
33 20 79
11 97 8
15 40 98
98 13 29
66 19 66
82 42 37
47 8 15
79 74 13
76 84 67
19 32 19
72 15 93
42 33 8
53 61 85
52 33 14
100 54 94
55 48 15
56 61 7
23 1 19
100 89 96
51 36 99
9 72 95
37 29 63
35 22 38
24 89 95
71 86 34
67 43 16
38 3 52
73 79 96
99 99 99
53 76 77
67 53 15
82 56 91
89 8 11
0 32 79
18 95 60
28 2 36
100 89 76
81 38 43
79 12 10
13 69 20
79 70 92
34 92 69
26 7 46
1 22 6
52 29 5
4 64 60
51 37 95
41 35 64
14 84 31
81 79 13
37 13 100
79 8 72
15 72 4
33 35 34
77 65 16
17 24 45
75 97 59
41 87 80
69 96 28
78 21 43
20 56 46
84 48 1
42 63 85
95 29 87
12 3 26
27 63 72
87 12 14
79 94 60
73 66 59
87 40 57
1 81 66
70 15 34
2 98 62
82 35 76
82 79 96
93 24 72
98 83 39
83 15 78
25 63 58
22 89 58
74 27 60
20 14 88
85 33 65
96 46 59
25 12 74
41 88 72
43 82 18
59 72 79
72 98 89
83 53 23
41 98 74
73 81 87
76 9 32
49 48 55
87 93 35
14 78 60
45 62 57
54 84 33
24 26 19
61 38 36
1 13 64
0 44 99
85 73 67
52 36 12
87 63 13
22 97 31
46 54 18
36 98 27
23 100 5
34 67 6
0 57 27
38 42 11
62 87 92
20 60 75
63 39 40
95 59 36
37 56 98
22 64 65
63 38 11
63 43 23
91 10 57
78 28 94
13 9 38
40 67 34
87 37 39
54 69 77
86 22 44
12 33 57
96 44 13
36 61 83
18 61 15
71 28 4
64 85 30
69 3 81
76 78 55
32 43 54
72 68 30
47 32 85
33 58 9
29 2 60
66 90 100
1 54 73
70 67 75
40 58 61
99 97 98
84 70 75
98 39 27
13 35 36
79 46 84
81 13 32
97 69 86
9 76 39
32 38 20
19 71 93
40 87 59
19 87 86
68 76 65
85 67 94
47 88 38
65 77 35
97 82 93
98 80 87
76 7 28
42 4 54
81 40 43
68 55 29
55 36 81
49 43 41
46 100 56
95 62 96
51 34 61
22 95 30
31 15 100
66 75 25
42 13 34
100 66 13
41 32 82
4 86 31
81 30 41
23 65 87
11 30 40
100 55 38
88 17 100
26 54 1
98 38 32
56 6 32
17 17 24
9 70 2
43 54 4
82 93 96
98 85 64
86 14 22
84 90 42
34 54 33
85 70 9
49 78 52
77 61 9
7 62 58
1 7 59
93 40 71
83 89 31
24 1 68
74 76 22
95 33 26
37 3 58
38 6 39
30 61 23
84 5 4
64 15 25
66 16 67
54 98 4
3 82 67
20 98 70
62 46 1
19 38 41
11 92 53
66 22 24
17 73 94
94 6 97
32 47 87
95 85 18
1 69 27
4 62 87
98 22 42
55 65 61
79 100 64
91 2 12
35 99 22
82 77 39
97 70 4
54 12 86
20 46 23
85 86 56
81 3 94
33 70 76
81 8 37
61 88 67
51 7 31
35 16 42
97 40 45
42 25 39
1 87 71
1 95 53
82 70 56
29 90 66
2 20 12
93 61 47
86 25 64
70 44 46
3 40 45
78 100 69
0 68 90
14 10 10
35 72 76
19 61 77
94 29 22
80 53 38
19 67 40
4 8 40
88 17 98
